1472695|0|0|0
1472699|0|0|1
1472007|0|0|2
1472003|0|0|3
1473075|0|0|4
1473078|0|0|5
1473088|0|0|6
1472938|0|0|7
1473091|0|0|8
1472774|0|0|9
1472775|0|0|10
1472779|0|0|11
1472783|0|0|12
1472689|0|0|13
1472725|0|0|14
1473595|0|0|15
1473603|0|0|16
1473608|0|0|17
1473614|0|0|18
1473621|0|0|19
1473554|0|0|20
1474398|0|0|21
1474462|0|0|22
1474466|0|0|12
1474364|0|0|23
1474366|0|0|24
1474367|0|0|18
1474369|0|0|3
1474371|0|0|11
1474370|0|0|25
1474374|0|0|26
1474375|0|0|27
1474378|0|0|28
1474385|0|0|29
1474387|0|0|0
1474363|0|0|30
1474962|0|0|31
1474967|0|0|12
1474969|0|0|3
1474778|0|0|32
1474784|0|0|33
1474875|0|0|34
1502980|0|0|35
1494705|0|0|36
1476466|0|0|37
1476467|0|0|38
1510890|0|0|39
1476953|0|0|40
1476918|0|0|41
1476923|0|0|42
1510908|0|0|43
1478097|0|0|44
1478098|0|0|45
1478100|0|0|46
1478103|0|0|47
1478165|0|0|48
1478166|0|0|49
1478168|0|0|50
1478170|0|0|51
1478173|0|0|52
1479482|0|0|53
1479509|0|0|54
1479511|0|0|55
1479514|0|0|56
1479515|0|0|57
1479144|0|0|58
1478970|0|0|59
1478971|0|0|12
1510195|0|0|60
1510196|0|0|61
1510197|0|0|62
1510198|0|0|63
1510194|0|0|59
1510193|0|0|64
1479934|0|0|65
1479935|0|0|66
1479936|0|0|67
1479937|0|0|68
1479938|0|0|69
1479939|0|0|70
1479940|0|0|71
1479941|0|0|72
1479942|0|0|73
1479943|0|0|74
1479945|0|0|75
1479946|0|0|76
1479947|0|0|77
1479950|0|0|0
1479951|0|0|78
1479842|0|0|17
1481204|0|0|79
1481205|0|0|80
1481206|0|0|81
1481207|0|0|82
1481269|0|0|18
1481273|0|0|83
1481277|0|0|84
1481278|0|0|85
1481178|0|0|86
1511166|0|0|87
1511167|0|0|88
1511168|0|0|89
1481196|0|0|90
1480911|0|0|91
1481103|0|0|92
1480914|0|0|4
1480915|0|0|93
1480916|0|0|94
1481106|0|0|95
1480921|0|0|96
1482012|0|0|97
1482034|0|0|98
1481866|0|0|99
1481686|0|0|100
1481687|0|0|101
1481688|0|0|102
1481696|0|0|103
1481636|0|0|6
1481637|0|0|103
1481638|0|0|8
1481639|0|0|104
1482315|0|0|105
1482274|0|0|106
1482275|0|0|107
1482278|0|0|108
1482279|0|0|65
1482280|0|0|67
1507015|0|0|109
1489423|0|0|110
1489422|0|0|111
1483191|0|0|112
1483192|0|0|113
1483267|0|0|114
1483209|0|0|115
1483258|0|0|59
1482860|0|0|116
1482861|0|0|117
1482965|0|0|118
1483781|0|0|119
1484587|0|0|120
1483898|0|0|12
1483899|0|0|26
1483900|0|0|121
1483901|0|0|30
1483357|0|0|122
1483495|0|0|123
1483496|0|0|124
1483500|0|0|125
1483594|0|0|23
1483335|0|0|126
1510364|0|0|127
1510363|0|0|128
1483337|0|0|129
1510359|0|0|130
1483462|0|0|1
1483463|0|0|131
1483465|0|0|131
1483472|0|0|132
1489822|0|0|133
1484496|0|0|134
1484274|0|0|135
1508317|0|0|136
1484161|0|0|137
1483913|0|0|138
1483915|0|0|139
1484114|0|0|11
1484115|0|0|140
1484116|0|0|12
1484118|0|0|140
1484984|0|0|141
1484934|0|0|142
1484936|0|0|143
1485248|0|0|65
1485249|0|0|25
1485251|0|0|67
1485253|0|0|144
1485256|0|0|145
1484978|0|0|11
1485264|0|0|59
1485724|0|0|146
1485802|0|0|147
1485826|0|0|148
1485828|0|0|149
1485829|0|0|150
1485830|0|0|151
1485831|0|0|52
1485357|0|0|152
1510192|0|0|153
1510191|0|0|154
1510190|0|0|155
1510189|0|0|8
1510188|0|0|156
1510187|0|0|48
1486058|0|0|157
1485998|0|0|158
1485999|0|0|159
1486000|0|0|160
1486239|0|0|161
1486240|0|0|39
1486242|0|0|162
1486001|0|0|163
1486002|0|0|164
1486003|0|0|165
1486004|0|0|166
1486005|0|0|167
1486006|0|0|168
1486007|0|0|169
1486008|0|0|170
1486009|0|0|171
1486010|0|0|172
1486011|0|0|173
1486193|0|0|23
1486197|0|0|30
1486201|0|0|79
1486203|0|0|174
1503505|0|0|175
1510389|0|0|176
1487310|0|0|177
1487311|0|0|178
1487312|0|0|1
1487313|0|0|179
1487314|0|0|109
1487386|0|0|180
1487315|0|0|181
1487771|0|0|182
1487828|0|0|183
1510928|0|0|184
1487768|0|0|185
1487769|0|0|8
1487770|0|0|186
1488830|0|0|187
1498100|0|0|188
1498099|0|0|189
1489408|0|0|190
1489409|0|0|191
1489410|0|0|192
1489411|0|0|193
1489412|0|0|194
1489413|0|0|195
1489414|0|0|196
1489415|0|0|197
1489424|0|0|198
1489425|0|0|199
1489427|0|0|200
1489430|0|0|201
1489431|0|0|202
1489433|0|0|203
1510268|0|0|204
1489435|0|0|205
1489436|0|0|206
1489438|0|0|207
1489399|0|0|208
1489401|0|0|209
1489402|0|0|210
1489403|0|0|211
1489404|0|0|212
1489405|0|0|213
1489406|0|0|214
1489440|0|0|215
1489443|0|0|216
1489447|0|0|217
1489450|0|0|218
1489356|0|0|219
1489359|0|0|220
1489361|0|0|221
1489199|0|0|222
1489066|0|0|223
1489069|0|0|224
1489912|0|0|225
1489913|0|0|226
1489914|0|0|227
1489915|0|0|228
1489917|0|0|229
1489918|0|0|230
1489919|0|0|231
1489921|0|0|232
1490072|0|0|233
1490073|0|0|234
1490074|0|0|235
1490075|0|0|236
1490076|0|0|237
1489924|0|0|238
1494555|0|0|239
1494554|0|0|240
1489910|0|0|241
1490749|0|0|242
1491215|0|0|11
1491230|0|0|12
1491980|0|0|243
1491613|0|0|6
1491618|0|0|1
1491621|0|0|244
1491625|0|0|3
1491627|0|0|245
1491564|0|0|246
1492723|0|0|103
1492724|0|0|103
1492725|0|0|103
1492377|0|0|247
1492378|0|0|248
1493367|0|0|249
1511276|0|0|250
1493368|0|0|251
1511275|0|0|99
1493331|0|0|11
1493332|0|0|252
1495184|0|0|253
1493844|0|0|1
1493971|0|0|6
1493972|0|0|254
1509057|0|0|255
1510164|0|0|256
1493973|0|0|2
1493976|0|0|257
1493980|0|0|258
1493984|0|0|259
1494745|0|0|260
1494647|0|0|261
1494648|0|0|262
1494649|0|0|167
1494650|0|0|263
1494651|0|0|264
1494652|0|0|265
1494653|0|0|266
1494556|0|0|267
1494734|0|0|268
1494498|0|0|269
1494591|0|0|270
1494592|0|0|271
1494593|0|0|272
1494594|0|0|273
1494595|0|0|274
1494706|0|0|275
1507008|0|0|276
1494712|0|0|277
1494399|0|0|90
1494255|0|0|278
1494256|0|0|279
1494106|0|0|67
1495372|0|0|280
1495179|0|0|281
1495180|0|0|282
1495412|0|0|283
1495413|0|0|284
1495414|0|0|285
1495182|0|0|286
1495095|0|0|287
1494850|0|0|99
1494851|0|0|29
1494854|0|0|109
1495945|0|0|288
1495891|0|0|289
1495892|0|0|290
1495848|0|0|12
1496117|0|0|291
1496118|0|0|25
1496119|0|0|292
1495990|0|0|293
1495851|0|0|294
1495852|0|0|295
1496130|0|0|296
1496131|0|0|297
1496132|0|0|298
1496133|0|0|299
1496134|0|0|65
1496136|0|0|300
1496138|0|0|301
1496139|0|0|14
1495873|0|0|302
1495874|0|0|303
1495876|0|0|304
1495699|0|0|305
1495700|0|0|39
1495701|0|0|306
1506467|0|0|307
1495737|0|0|291
1495471|0|0|156
1495472|0|0|167
1495480|0|0|264
1495567|0|0|308
1496900|0|0|141
1496579|0|0|309
1496581|0|0|310
1496582|0|0|311
1496584|0|0|312
1496586|0|0|313
1496588|0|0|314
1496589|0|0|315
1496460|0|0|306
1496461|0|0|316
1496467|0|0|39
1496501|0|0|317
1496502|0|0|318
1496503|0|0|319
1496505|0|0|320
1496506|0|0|321
1497468|0|0|322
1497399|0|0|323
1504019|0|0|324
1497009|0|0|325
1497010|0|0|326
1497011|0|0|327
1497016|0|0|264
1497017|0|0|328
1497018|0|0|329
1497019|0|0|330
1497020|0|0|331
1497021|0|0|1
1497022|0|0|332
1496975|0|0|333
1498101|0|0|334
1497885|0|0|335
1498013|0|0|336
1498014|0|0|95
1505719|0|0|337
1498133|0|0|338
1497654|0|0|339
1510927|0|0|340
1497634|0|0|341
1497635|0|0|342
1497636|0|0|343
1497637|0|0|74
1497781|0|0|11
1498011|0|0|344
1497782|0|0|140
1497783|0|0|12
1497785|0|0|345
1497787|0|0|346
1497788|0|0|347
1506805|0|0|39
1505092|0|0|348
1498591|0|0|349
1498594|0|0|6
1498596|0|0|350
1506803|0|0|39
1498599|0|0|11
1498603|0|0|351
1498609|0|0|352
1498222|0|0|353
1498223|0|0|354
1506312|0|0|355
1510759|0|0|356
1498317|0|0|357
1498327|0|0|358
1498421|0|0|359
1498422|0|0|140
1498423|0|0|360
1498424|0|0|264
1498425|0|0|11
1498426|0|0|65
1498427|0|0|361
1498428|0|0|304
1498429|0|0|362
1510821|0|0|363
1499115|0|0|364
1499116|0|0|365
1499117|0|0|366
1499118|0|0|6
1499120|0|0|59
1499085|0|0|367
1499086|0|0|368
1511616|0|0|369
1499963|0|0|370
1499959|0|0|371
1499771|0|0|372
1499773|0|0|373
1499774|0|0|152
1499779|0|0|374
1499784|0|0|375
1499785|0|0|376
1499792|0|0|377
1499793|0|0|378
1499795|0|0|295
1499796|0|0|379
1499846|0|0|380
1499847|0|0|131
1499848|0|0|167
1500097|0|0|381
1499854|0|0|382
1499855|0|0|383
1499856|0|0|14
1499857|0|0|384
1499858|0|0|385
1499726|0|0|386
1499736|0|0|387
1499503|0|0|388
1499702|0|0|389
1499704|0|0|390
1499705|0|0|391
1499707|0|0|392
1499709|0|0|387
1499712|0|0|393
1507542|0|0|394
1511089|0|0|395
1509754|0|0|396
1500099|0|0|2
1500263|0|0|397
1501078|0|0|398
1501079|0|0|399
1502182|0|0|269
1502186|0|0|400
1501758|0|0|401
1501760|0|0|402
1501854|0|0|403
1501774|0|0|404
1502813|0|0|1
1507582|0|0|405
1502739|0|0|406
1502701|0|0|407
1507480|0|0|408
1502412|0|0|409
1502261|0|0|410
1502265|0|0|411
1502267|0|0|412
1502268|0|0|413
1502269|0|0|414
1502271|0|0|415
1502272|0|0|416
1502273|0|0|417
1502274|0|0|418
1505273|0|0|419
1502468|0|0|420
1503450|0|0|421
1503451|0|0|422
1503452|0|0|103
1503453|0|0|423
1503454|0|0|52
1503408|0|0|424
1503409|0|0|425
1503466|0|0|426
1503468|0|0|427
1503469|0|0|428
1503470|0|0|429
1506038|0|0|430
1510225|0|0|431
1504449|0|0|432
1503184|0|0|433
1503185|0|0|434
1503186|0|0|435
1510199|0|0|277
1502985|0|0|436
1502986|0|0|437
1511795|0|0|23
1511796|0|0|269
1502993|0|0|438
1511790|0|0|439
1511791|0|0|440
1502917|0|0|441
1511792|0|0|442
1511793|0|0|443
1511794|0|0|99
1503073|0|0|444
1511808|0|0|445
1503074|0|0|446
1511809|0|0|447
1503075|0|0|448
1503038|0|0|11
1503039|0|0|449
1503040|0|0|450
1504021|0|0|451
1504122|0|0|452
1504124|0|0|12
1504127|0|0|452
1504128|0|0|12
1504058|0|0|421
1504059|0|0|14
1504060|0|0|453
1504064|0|0|454
1503794|0|0|103
1504067|0|0|455
1504072|0|0|456
1504076|0|0|457
1504083|0|0|47
1503873|0|0|59
1503876|0|0|99
1503683|0|0|458
1510323|0|0|459
1503759|0|0|1
1503758|0|0|59
1503756|0|0|65
1503485|0|0|460
1503489|0|0|461
1503564|0|0|462
1510362|0|0|463
1503661|0|0|464
1503566|0|0|465
1503662|0|0|466
1503490|0|0|460
1503491|0|0|467
1503671|0|0|468
1503757|0|0|67
1503492|0|0|469
1503493|0|0|470
1503578|0|0|471
1503674|0|0|472
1504744|0|0|12
1504745|0|0|473
1504678|0|0|470
1504679|0|0|11
1504680|0|0|474
1504506|0|0|475
1504507|0|0|476
1504254|0|0|477
1504258|0|0|25
1504260|0|0|478
1504168|0|0|479
1504173|0|0|480
1504450|0|0|481
1504453|0|0|482
1504454|0|0|74
1504455|0|0|350
1504463|0|0|483
1505293|0|0|484
1505471|0|0|485
1505472|0|0|486
1505473|0|0|487
1505360|0|0|25
1505361|0|0|488
1505483|0|0|489
1505485|0|0|490
1505374|0|0|491
1505489|0|0|492
1510115|0|0|3
1505492|0|0|452
1505495|0|0|493
1505295|0|0|494
1507669|0|0|495
1505274|0|0|496
1505322|0|0|497
1505324|0|0|498
1505331|0|0|499
1504942|0|0|500
1505053|0|0|470
1505054|0|0|501
1505080|0|0|502
1509153|0|0|503
1504900|0|0|504
1504901|0|0|505
1504902|0|0|506
1510318|0|0|140
1504903|0|0|507
1504904|0|0|508
1504906|0|0|509
1504907|0|0|510
1504909|0|0|322
1504911|0|0|46
1506784|0|0|511
1506071|0|0|512
1505992|0|0|513
1505993|0|0|514
1506527|0|0|515
1505994|0|0|516
1505996|0|0|517
1506006|0|0|103
1506129|0|0|518
1505790|0|0|519
1505880|0|0|520
1505738|0|0|521
1507232|0|0|522
1506632|0|0|523
1506756|0|0|524
1510912|0|0|525
1510556|0|0|526
1507345|0|0|527
1506521|0|0|528
1506522|0|0|529
1506523|0|0|530
1506524|0|0|531
1510357|0|0|12
1506351|0|0|532
1510217|0|0|533
1506176|0|0|534
1506302|0|0|535
1506303|0|0|536
1506304|0|0|537
1506182|0|0|1
1506305|0|0|538
1506306|0|0|539
1506307|0|0|540
1506378|0|0|470
1506379|0|0|291
1506183|0|0|541
1506184|0|0|542
1506380|0|0|298
1506381|0|0|543
1506382|0|0|1
1506383|0|0|331
1507231|0|0|544
1510265|0|0|545
1507472|0|0|546
1507346|0|0|547
1507488|0|0|548
1507353|0|0|549
1507475|0|0|109
1507479|0|0|550
1507402|0|0|551
1507481|0|0|552
1507482|0|0|553
1507404|0|0|554
1507474|0|0|555
1510916|0|0|140
1507207|0|0|556
1507211|0|0|557
1507212|0|0|558
1507163|0|0|559
1507164|0|0|301
1507165|0|0|560
1507215|0|0|561
1507220|0|0|562
1507222|0|0|563
1507224|0|0|564
1507225|0|0|565
1507226|0|0|566
1507019|0|0|567
1507020|0|0|568
1511748|0|0|569
1511749|0|0|569
1507027|0|0|570
1507029|0|0|571
1507030|0|0|572
1507031|0|0|572
1507119|0|0|573
1506785|0|0|574
1507071|0|0|470
1506795|0|0|575
1506798|0|0|167
1506799|0|0|576
1506801|0|0|577
1506806|0|0|578
1506898|0|0|350
1506901|0|0|579
1510261|0|0|580
1506906|0|0|26
1507091|0|0|581
1507092|0|0|582
1507093|0|0|583
1507094|0|0|584
1507095|0|0|585
1507011|0|0|59
1510185|0|0|586
1507012|0|0|331
1507013|0|0|131
1507014|0|0|587
1507982|0|0|588
1507987|0|0|589
1507988|0|0|590
1510224|0|0|591
1507989|0|0|258
1508046|0|0|592
1507927|0|0|593
1507931|0|0|594
1507935|0|0|99
1507937|0|0|595
1507938|0|0|596
1507939|0|0|597
1507941|0|0|595
1507833|0|0|598
1507942|0|0|599
1507842|0|0|437
1507856|0|0|600
1507857|0|0|601
1507859|0|0|602
1508100|0|0|603
1508102|0|0|604
1508104|0|0|603
1507976|0|0|605
1510848|0|0|606
1507636|0|0|607
1507639|0|0|608
1507640|0|0|3
1507641|0|0|609
1507642|0|0|577
1507643|0|0|610
1507644|0|0|495
1507645|0|0|611
1507646|0|0|456
1507647|0|0|612
1507733|0|0|11
1507812|0|0|613
1507736|0|0|12
1507737|0|0|614
1507738|0|0|380
1507579|0|0|615
1507580|0|0|616
1510807|0|0|617
1507581|0|0|8
1507763|0|0|618
1507764|0|0|619
1507766|0|0|620
1507525|0|0|340
1509960|0|0|621
1508590|0|0|622
1508592|0|0|623
1508716|0|0|624
1508717|0|0|625
1508691|0|0|626
1508692|0|0|59
1508718|0|0|627
1508602|0|0|628
1508603|0|0|629
1508604|0|0|630
1508605|0|0|631
1508606|0|0|632
1508699|0|0|633
1508807|0|0|634
1508810|0|0|635
1508607|0|0|636
1508608|0|0|637
1508609|0|0|638
1508700|0|0|639
1508701|0|0|640
1510246|0|0|641
1508735|0|0|642
1508829|0|0|643
1508830|0|0|395
1508831|0|0|553
1508832|0|0|644
1508833|0|0|645
1508815|0|0|646
1510245|0|0|647
1508708|0|0|648
1508710|0|0|649
1508711|0|0|650
1508713|0|0|651
1508811|0|0|652
1508812|0|0|653
1508813|0|0|654
1508814|0|0|655
1508574|0|0|656
1510697|0|0|657
1510698|0|0|658
1508671|0|0|659
1508675|0|0|470
1508676|0|0|359
1511316|0|0|660
1508587|0|0|661
1508376|0|0|662
1508377|0|0|663
1508394|0|0|664
1508501|0|0|665
1508503|0|0|666
1508505|0|0|667
1508318|0|0|456
1508319|0|0|553
1508320|0|0|668
1508321|0|0|669
1508322|0|0|670
1508375|0|0|671
1510795|0|0|672
1509372|0|0|673
1510300|0|0|674
1509505|0|0|675
1509506|0|0|676
1509171|0|0|677
1509213|0|0|291
1509214|0|0|11
1509218|0|0|25
1509219|0|0|263
1509220|0|0|39
1509221|0|0|678
1510099|0|0|167
1509339|0|0|679
1509341|0|0|680
1509342|0|0|681
1509343|0|0|682
1509344|0|0|0
1509056|0|0|683
1508882|0|0|684
1508884|0|0|685
1508834|0|0|686
1509004|0|0|588
1509005|0|0|99
1509006|0|0|687
1510687|0|0|688
1508866|0|0|689
1508936|0|0|269
1508938|0|0|690
1508940|0|0|1
1508941|0|0|691
1508943|0|0|686
1508944|0|0|47
1510951|0|0|61
1509044|0|0|692
1510118|0|0|693
1510119|0|0|694
1510120|0|0|695
1510121|0|0|696
1510122|0|0|697
1509935|0|0|698
1510011|0|0|699
1510042|0|0|700
1510044|0|0|701
1510045|0|0|702
1510123|0|0|703
1510124|0|0|704
1510125|0|0|705
1510126|0|0|706
1510046|0|0|46
1510047|0|0|172
1510048|0|0|6
1510049|0|0|11
1510050|0|0|30
1510051|0|0|707
1510127|0|0|708
1510128|0|0|709
1510129|0|0|710
1510130|0|0|711
1509948|0|0|712
1510059|0|0|713
1510131|0|0|714
1510132|0|0|715
1510133|0|0|716
1510134|0|0|717
1510135|0|0|718
1509949|0|0|719
1509950|0|0|720
1509951|0|0|67
1510060|0|0|721
1510061|0|0|722
1510062|0|0|723
1510150|0|0|724
1510151|0|0|725
1510152|0|0|726
1510153|0|0|727
1510154|0|0|728
1509952|0|0|379
1509953|0|0|729
1509954|0|0|730
1510066|0|0|161
1510067|0|0|731
1510140|0|0|732
1510141|0|0|733
1510142|0|0|734
1510143|0|0|724
1510144|0|0|735
1509956|0|0|736
1509957|0|0|737
1510214|0|0|738
1510031|0|0|739
1510033|0|0|740
1510069|0|0|741
1510070|0|0|742
1510072|0|0|743
1510145|0|0|744
1510146|0|0|745
1510147|0|0|746
1510149|0|0|6
1509966|0|0|747
1510034|0|0|748
1510037|0|0|749
1510915|0|0|750
1510074|0|0|751
1510075|0|0|752
1510136|0|0|753
1510137|0|0|754
1510138|0|0|755
1510139|0|0|756
1510076|0|0|757
1510077|0|0|758
1510078|0|0|99
1509978|0|0|306
1510081|0|0|759
1510082|0|0|244
1509985|0|0|760
1510083|0|0|761
1510084|0|0|12
1509989|0|0|762
1509990|0|0|763
1510090|0|0|764
1509994|0|0|765
1509997|0|0|766
1510091|0|0|767
1510092|0|0|768
1510093|0|0|769
1510094|0|0|770
1510095|0|0|771
1509998|0|0|772
1510000|0|0|773
1510001|0|0|774
1510096|0|0|775
1510097|0|0|776
1510098|0|0|777
1510100|0|0|29
1510101|0|0|331
1510004|0|0|778
1510102|0|0|301
1510103|0|0|779
1510104|0|0|780
1510105|0|0|322
1510106|0|0|781
1510107|0|0|782
1510108|0|0|12
1510109|0|0|783
1510110|0|0|25
1510006|0|0|784
1510007|0|0|785
1510008|0|0|786
1510009|0|0|787
1510010|0|0|788
1510041|0|0|789
1509877|0|0|790
1510111|0|0|291
1510112|0|0|478
1510114|0|0|791
1510116|0|0|792
1510117|0|0|79
1509928|0|0|793
1509929|0|0|794
1509574|0|0|795
1509575|0|0|796
1509659|0|0|797
1509582|0|0|798
1509683|0|0|799
1510614|0|0|800
1509536|0|0|801
1509537|0|0|802
1509538|0|0|803
1509699|0|0|804
1510148|0|0|805
1509539|0|0|806
1509540|0|0|807
1509541|0|0|808
1510931|0|0|809
1509706|0|0|810
1509707|0|0|811
1510113|0|0|812
1510018|0|0|813
1509547|0|0|814
1509548|0|0|815
1509711|0|0|816
1509551|0|0|817
1509552|0|0|818
1510448|0|0|39
1510549|0|0|819
1510550|0|0|820
1510551|0|0|821
1510824|0|0|822
1510825|0|0|823
1510826|0|0|824
1510827|0|0|65
1510828|0|0|825
1510829|0|0|826
1510830|0|0|827
1510611|0|0|828
1510612|0|0|829
1510613|0|0|830
1510615|0|0|831
1510695|0|0|832
1510696|0|0|833
1510699|0|0|834
1510700|0|0|835
1510701|0|0|836
1510732|0|0|837
1510733|0|0|838
1510735|0|0|839
1510736|0|0|3
1510831|0|0|840
1510832|0|0|841
1510833|0|0|175
1510834|0|0|65
1510835|0|0|842
1510836|0|0|843
1510837|0|0|844
1510838|0|0|845
1510616|0|0|846
1510617|0|0|847
1510618|0|0|848
1510619|0|0|340
1510620|0|0|818
1510702|0|0|849
1510703|0|0|850
1510704|0|0|851
1510705|0|0|29
1510706|0|0|852
1510708|0|0|853
1510737|0|0|291
1510738|0|0|611
1510739|0|0|854
1510740|0|0|119
1510741|0|0|11
1510839|0|0|67
1510840|0|0|855
1510841|0|0|856
1510842|0|0|857
1510843|0|0|858
1510844|0|0|859
1510621|0|0|860
1510622|0|0|269
1510623|0|0|861
1510624|0|0|862
1510709|0|0|12
1510710|0|0|863
1510711|0|0|864
1510712|0|0|452
1510742|0|0|322
1510743|0|0|1
1510744|0|0|865
1510745|0|0|866
1510746|0|0|867
1510747|0|0|868
1510748|0|0|65
1510845|0|0|175
1510846|0|0|869
1510847|0|0|870
1510849|0|0|871
1510625|0|0|103
1510626|0|0|99
1510627|0|0|269
1510628|0|0|872
1510629|0|0|873
1510713|0|0|12
1510714|0|0|874
1510715|0|0|59
1510716|0|0|875
1510717|0|0|99
1510718|0|0|876
1510749|0|0|877
1510750|0|0|878
1510751|0|0|864
1510752|0|0|879
1510753|0|0|880
1510754|0|0|65
1510866|0|0|881
1510867|0|0|882
1510868|0|0|883
1510630|0|0|29
1510631|0|0|252
1510632|0|0|884
1510633|0|0|885
1510634|0|0|886
1510635|0|0|887
1510719|0|0|29
1510720|0|0|888
1510721|0|0|889
1510755|0|0|67
1510756|0|0|890
1510757|0|0|422
1510758|0|0|891
1510760|0|0|99
1510761|0|0|65
1510762|0|0|892
1510856|0|0|893
1510857|0|0|894
1510858|0|0|895
1510859|0|0|896
1510860|0|0|897
1510861|0|0|898
1510636|0|0|899
1510637|0|0|900
1510638|0|0|772
1510639|0|0|312
1510640|0|0|901
1510641|0|0|902
1510722|0|0|903
1510723|0|0|904
1510724|0|0|905
1510725|0|0|906
1510763|0|0|14
1510764|0|0|67
1510765|0|0|432
1510766|0|0|99
1510767|0|0|907
1510862|0|0|908
1510863|0|0|909
1510864|0|0|910
1510865|0|0|911
1510642|0|0|912
1510643|0|0|913
1510644|0|0|452
1510645|0|0|914
1510646|0|0|915
1510647|0|0|916
1510727|0|0|917
1510728|0|0|918
1510729|0|0|919
1510730|0|0|12
1510731|0|0|470
1510768|0|0|99
1510769|0|0|407
1510770|0|0|920
1510771|0|0|920
1510772|0|0|921
1510773|0|0|922
1510774|0|0|923
1510850|0|0|924
1510851|0|0|925
1510852|0|0|926
1510853|0|0|927
1510854|0|0|928
1510855|0|0|848
1510648|0|0|929
1510649|0|0|930
1510650|0|0|322
1510651|0|0|931
1510652|0|0|932
1510653|0|0|39
1510499|0|0|933
1510500|0|0|934
1510501|0|0|935
1510502|0|0|936
1510503|0|0|937
1510504|0|0|938
1510775|0|0|939
1510776|0|0|940
1510777|0|0|264
1510778|0|0|941
1510779|0|0|65
1510780|0|0|67
1510781|0|0|942
1510782|0|0|67
1510552|0|0|39
1510553|0|0|1
1510554|0|0|943
1510555|0|0|944
1510557|0|0|945
1510558|0|0|946
1510559|0|0|947
1510654|0|0|948
1510655|0|0|74
1510656|0|0|949
1510657|0|0|950
1510658|0|0|951
1510505|0|0|220
1510506|0|0|952
1510512|0|0|953
1510507|0|0|167
1510508|0|0|5
1510509|0|0|59
1510783|0|0|669
1510784|0|0|954
1510785|0|0|12
1510786|0|0|955
1510787|0|0|956
1510788|0|0|957
1510789|0|0|958
1510560|0|0|123
1510561|0|0|959
1510562|0|0|291
1510563|0|0|39
1510564|0|0|960
1510565|0|0|961
1510659|0|0|101
1510660|0|0|962
1510661|0|0|109
1510662|0|0|963
1510663|0|0|962
1510664|0|0|964
1510665|0|0|965
1510666|0|0|966
1510667|0|0|967
1510510|0|0|12
1510511|0|0|968
1510513|0|0|969
1510514|0|0|99
1510515|0|0|835
1510516|0|0|970
1510790|0|0|971
1510791|0|0|39
1510792|0|0|972
1510793|0|0|59
1510794|0|0|25
1510796|0|0|973
1510567|0|0|974
1510568|0|0|65
1510569|0|0|975
1510570|0|0|67
1510571|0|0|976
1510572|0|0|977
1510573|0|0|891
1510668|0|0|978
1510669|0|0|7
1510670|0|0|979
1510672|0|0|1
1510517|0|0|980
1510518|0|0|981
1510519|0|0|982
1510520|0|0|983
1510521|0|0|74
1510522|0|0|67
1510797|0|0|984
1510798|0|0|985
1510574|0|0|986
1510575|0|0|18
1510576|0|0|645
1510577|0|0|987
1510578|0|0|1
1510579|0|0|12
1510673|0|0|988
1510674|0|0|103
1510675|0|0|989
1510523|0|0|11
1510524|0|0|291
1510525|0|0|167
1510526|0|0|990
1510527|0|0|991
1510528|0|0|992
1510529|0|0|993
1510530|0|0|994
1510799|0|0|995
1510801|0|0|167
1510802|0|0|12
1510803|0|0|59
1510804|0|0|996
1510580|0|0|59
1510581|0|0|322
1510582|0|0|997
1510583|0|0|998
1510584|0|0|319
1510585|0|0|999
1510586|0|0|1000
1510676|0|0|1001
1510677|0|0|1002
1510678|0|0|1003
1510679|0|0|1004
1510876|0|0|1005
1510531|0|0|1006
1510532|0|0|1007
1510533|0|0|1008
1510534|0|0|67
1510535|0|0|59
1510805|0|0|1009
1510806|0|0|617
1510808|0|0|1010
1510809|0|0|1011
1510810|0|0|0
1510811|0|0|131
1510812|0|0|298
1510587|0|0|1012
1510588|0|0|1013
1510589|0|0|1014
1510590|0|0|1015
1510591|0|0|1016
1510592|0|0|1017
1510593|0|0|1018
1510594|0|0|1019
1510595|0|0|1020
1510596|0|0|1021
1510597|0|0|1022
1510680|0|0|1023
1510681|0|0|11
1510682|0|0|12
1510683|0|0|18
1510684|0|0|1024
1510685|0|0|1025
1510536|0|0|1026
1510537|0|0|1027
1510538|0|0|99
1510539|0|0|1028
1510540|0|0|138
1510813|0|0|14
1510814|0|0|99
1510815|0|0|1029
1510816|0|0|67
1510598|0|0|1030
1510599|0|0|1031
1510600|0|0|1032
1510601|0|0|67
1510602|0|0|1033
1510603|0|0|65
1510604|0|0|877
1510605|0|0|1034
1510686|0|0|1035
1510688|0|0|1036
1510689|0|0|408
1510690|0|0|920
1510691|0|0|1037
1510692|0|0|1038
1510693|0|0|1039
1510694|0|0|1040
1510541|0|0|1041
1510542|0|0|1042
1510543|0|0|1043
1510545|0|0|1044
1510546|0|0|962
1510547|0|0|25
1510548|0|0|1045
1510817|0|0|1046
1510818|0|0|99
1510819|0|0|1047
1510820|0|0|1048
1510822|0|0|1049
1510823|0|0|1050
1510606|0|0|1051
1510607|0|0|1052
1510608|0|0|1053
1510609|0|0|1054
1510610|0|0|1055
1510405|0|0|1056
1510382|0|0|981
1510383|0|0|1057
1510384|0|0|67
1510462|0|0|1058
1510463|0|0|109
1510464|0|0|1059
1510465|0|0|1060
1510466|0|0|1061
1510467|0|0|920
1510468|0|0|11
1510469|0|0|1062
1510203|0|0|155
1510204|0|0|1063
1510205|0|0|1064
1510206|0|0|1065
1510282|0|0|1066
1510283|0|0|1067
1510284|0|0|1068
1510285|0|0|1069
1510286|0|0|1070
1510385|0|0|14
1510386|0|0|181
1510387|0|0|264
1510388|0|0|1071
1510390|0|0|333
1510470|0|0|12
1510471|0|0|6
1510472|0|0|12
1510473|0|0|11
1510474|0|0|1072
1510207|0|0|1073
1510208|0|0|1074
1510209|0|0|1075
1510287|0|0|1076
1510288|0|0|1077
1510289|0|0|1078
1510290|0|0|1079
1510291|0|0|1080
1510292|0|0|1081
1510293|0|0|853
1510391|0|0|1082
1510392|0|0|1083
1510393|0|0|319
1510394|0|0|1084
1510395|0|0|25
1510396|0|0|12
1510397|0|0|470
1510475|0|0|1085
1510476|0|0|1086
1510477|0|0|11
1510478|0|0|131
1510479|0|0|1087
1510210|0|0|1088
1510211|0|0|1089
1510212|0|0|1089
1510215|0|0|1090
1510294|0|0|1091
1510295|0|0|919
1510296|0|0|103
1510297|0|0|1092
1510298|0|0|1093
1510299|0|0|167
1510301|0|0|1094
1510302|0|0|1095
1510398|0|0|103
1510399|0|0|1096
1510400|0|0|1097
1510401|0|0|1
1510402|0|0|395
1510403|0|0|1098
1510404|0|0|1099
1510406|0|0|670
1510480|0|0|322
1510481|0|0|1100
1510482|0|0|919
1510483|0|0|1101
1510484|0|0|1102
1510216|0|0|849
1510218|0|0|533
1510303|0|0|161
1510304|0|0|322
1510305|0|0|1103
1510306|0|0|1104
1510407|0|0|1105
1510408|0|0|788
1510409|0|0|140
1510410|0|0|1106
1510488|0|0|1107
1510489|0|0|1108
1510490|0|0|29
1510491|0|0|1109
1510492|0|0|14
1510219|0|0|533
1510220|0|0|408
1510221|0|0|408
1510222|0|0|1110
1510307|0|0|39
1510308|0|0|12
1510309|0|0|1111
1510310|0|0|1112
1510311|0|0|1113
1510312|0|0|1010
1510411|0|0|1114
1510412|0|0|159
1510413|0|0|167
1510414|0|0|1115
1510493|0|0|109
1510494|0|0|1
1510495|0|0|1107
1510496|0|0|1116
1510497|0|0|1117
1510498|0|0|1118
1510223|0|0|1119
1510226|0|0|1120
1510227|0|0|1121
1510228|0|0|59
1510229|0|0|1122
1510313|0|0|1123
1510314|0|0|1124
1510315|0|0|1125
1510316|0|0|1093
1510317|0|0|1126
1510319|0|0|99
1510320|0|0|1127
1510415|0|0|1128
1510416|0|0|1
1510417|0|0|876
1510418|0|0|1129
1510485|0|0|1130
1510486|0|0|1131
1510487|0|0|1132
1510230|0|0|1133
1510231|0|0|1134
1510232|0|0|1135
1510233|0|0|1136
1510321|0|0|1092
1510322|0|0|1
1510324|0|0|99
1510325|0|0|120
1510326|0|0|1137
1510419|0|0|1138
1510420|0|0|1139
1510421|0|0|2
1510422|0|0|1140
1510155|0|0|728
1510234|0|0|1141
1510235|0|0|1142
1510236|0|0|1143
1510237|0|0|1144
1510238|0|0|1145
1510327|0|0|1146
1510328|0|0|0
1510329|0|0|5
1510330|0|0|1147
1510331|0|0|1148
1510332|0|0|1149
1510333|0|0|1150
1510334|0|0|1151
1510423|0|0|1152
1510424|0|0|1153
1510425|0|0|605
1510426|0|0|764
1510156|0|0|728
1510239|0|0|1154
1510243|0|0|1155
1510244|0|0|1156
1510247|0|0|1157
1510248|0|0|1158
1510249|0|0|1159
1510335|0|0|395
1510336|0|0|1160
1510337|0|0|1161
1510338|0|0|1162
1510339|0|0|406
1510340|0|0|7
1510427|0|0|1163
1510428|0|0|1164
1510429|0|0|1165
1510430|0|0|1166
1510431|0|0|1167
1510432|0|0|1168
1510157|0|0|728
1510250|0|0|1169
1510251|0|0|1170
1510252|0|0|1171
1510341|0|0|1172
1510342|0|0|1173
1510343|0|0|1174
1510344|0|0|1175
1510345|0|0|406
1510671|0|0|1176
1510433|0|0|1177
1510434|0|0|1178
1510435|0|0|1017
1510436|0|0|1179
1510437|0|0|1180
1510438|0|0|1181
1510439|0|0|1182
1510158|0|0|1183
1510159|0|0|1184
1510160|0|0|5
1510253|0|0|181
1510254|0|0|23
1510255|0|0|30
1510346|0|0|1185
1510347|0|0|1186
1510348|0|0|1187
1510349|0|0|1188
1510440|0|0|1189
1510441|0|0|1190
1510442|0|0|39
1510449|0|0|1191
1510443|0|0|1192
1510161|0|0|103
1510162|0|0|322
1510163|0|0|1193
1510165|0|0|256
1510166|0|0|244
1510167|0|0|76
1510168|0|0|1
1510169|0|0|1194
1510256|0|0|1195
1510257|0|0|79
1510258|0|0|1196
1510259|0|0|1197
1510260|0|0|1198
1510262|0|0|949
1510350|0|0|983
1510351|0|0|1199
1510352|0|0|587
1510353|0|0|1200
1510354|0|0|1
1510444|0|0|12
1510445|0|0|6
1510446|0|0|2
1510447|0|0|1191
1510170|0|0|1201
1510171|0|0|6
1510172|0|0|1202
1510173|0|0|131
1510263|0|0|432
1510264|0|0|839
1510266|0|0|99
1510267|0|0|1203
1510269|0|0|1204
1510270|0|0|1205
1510355|0|0|59
1510356|0|0|29
1510358|0|0|1206
1510360|0|0|1207
1510361|0|0|131
1510365|0|0|1208
1510366|0|0|1209
1510450|0|0|6
1510451|0|0|39
1510452|0|0|1191
1510174|0|0|358
1510175|0|0|1153
1510176|0|0|1210
1510177|0|0|1211
1510178|0|0|1212
1510271|0|0|11
1510272|0|0|1213
1510273|0|0|1214
1510274|0|0|1215
1510367|0|0|1216
1510368|0|0|1217
1510369|0|0|322
1510370|0|0|919
1510371|0|0|1218
1510453|0|0|1219
1510454|0|0|1220
1510455|0|0|6
1510456|0|0|1138
1510457|0|0|1221
1510179|0|0|1222
1510180|0|0|702
1510181|0|0|1223
1510182|0|0|587
1510183|0|0|244
1510275|0|0|1224
1510276|0|0|1225
1510277|0|0|1226
1510278|0|0|1227
1510372|0|0|1228
1510373|0|0|1229
1510374|0|0|99
1510375|0|0|1230
1510376|0|0|1231
1510458|0|0|1232
1510459|0|0|1233
1510460|0|0|1234
1510461|0|0|1235
1510184|0|0|1236
1510200|0|0|896
1510201|0|0|1237
1510202|0|0|1238
1510279|0|0|1239
1510280|0|0|1240
1510281|0|0|1241
1510377|0|0|25
1510378|0|0|1242
1510379|0|0|1243
1510380|0|0|22
1510381|0|0|839
1511247|0|0|425
1511248|0|0|1168
1511249|0|0|431
1511251|0|0|1244
1511432|0|0|989
1511433|0|0|1245
1511434|0|0|1246
1511292|0|0|1247
1511293|0|0|1248
1511294|0|0|263
1511295|0|0|5
1511296|0|0|1249
1511381|0|0|670
1511382|0|0|1250
1511393|0|0|873
1511394|0|0|1251
1511435|0|0|6
1511436|0|0|6
1511437|0|0|1252
1511438|0|0|611
1511439|0|0|1253
1511297|0|0|1254
1511298|0|0|1255
1511299|0|0|1256
1511300|0|0|73
1511301|0|0|1257
1511302|0|0|74
1511303|0|0|161
1511304|0|0|1258
1511383|0|0|1259
1511384|0|0|938
1511385|0|0|1
1511395|0|0|1260
1511396|0|0|1261
1511440|0|0|1262
1511305|0|0|1263
1511306|0|0|643
1511307|0|0|1264
1511308|0|0|1265
1511309|0|0|0
1511310|0|0|1266
1511311|0|0|395
1511312|0|0|99
1511386|0|0|1267
1511397|0|0|1268
1511398|0|0|1269
1511441|0|0|1270
1511513|0|0|1271
1511442|0|0|1272
1511443|0|0|860
1511444|0|0|1273
1511445|0|0|1274
1511313|0|0|1275
1511314|0|0|1276
1511315|0|0|1277
1511317|0|0|1278
1511318|0|0|1279
1511319|0|0|8
1511387|0|0|167
1511388|0|0|1280
1511399|0|0|1281
1511400|0|0|1282
1511457|0|0|65
1511458|0|0|1230
1511459|0|0|131
1511460|0|0|322
1511461|0|0|1283
1511320|0|0|1284
1511321|0|0|1285
1511322|0|0|1286
1511323|0|0|456
1511324|0|0|1287
1511325|0|0|340
1511326|0|0|1288
1511389|0|0|1289
1511401|0|0|1290
1511402|0|0|1291
1511451|0|0|849
1511452|0|0|1292
1511327|0|0|46
1511328|0|0|1293
1511329|0|0|1294
1511330|0|0|1295
1511331|0|0|11
1511332|0|0|101
1511333|0|0|1296
1511390|0|0|1297
1511391|0|0|1298
1511403|0|0|1299
1511404|0|0|1300
1511453|0|0|1301
1511454|0|0|65
1511455|0|0|1302
1511456|0|0|1303
1511334|0|0|1304
1511335|0|0|1305
1511336|0|0|12
1511337|0|0|1306
1511338|0|0|1307
1511392|0|0|1308
1511405|0|0|1309
1511407|0|0|758
1511408|0|0|420
1511446|0|0|60
1511447|0|0|1310
1511448|0|0|1311
1511449|0|0|1071
1511450|0|0|1
1511339|0|0|1312
1511340|0|0|1313
1511198|0|0|669
1511199|0|0|1022
1511200|0|0|1314
1511201|0|0|1315
1511203|0|0|1316
1511204|0|0|1317
1511205|0|0|1318
1511410|0|0|1319
1511411|0|0|140
1511253|0|0|1320
1511254|0|0|1321
1511255|0|0|1322
1511256|0|0|297
1511258|0|0|1323
1511259|0|0|6
1511341|0|0|784
1511342|0|0|1324
1511343|0|0|1325
1511206|0|0|1326
1511207|0|0|1327
1511208|0|0|140
1511209|0|0|1328
1511210|0|0|1329
1511412|0|0|59
1511413|0|0|1330
1511261|0|0|1331
1511262|0|0|1332
1511263|0|0|1333
1511264|0|0|1334
1511344|0|0|1335
1511345|0|0|1336
1511346|0|0|1337
1511347|0|0|99
1511348|0|0|1338
1511349|0|0|1339
1511211|0|0|1340
1511212|0|0|478
1511213|0|0|420
1511214|0|0|68
1511215|0|0|626
1511216|0|0|1325
1511414|0|0|1341
1511415|0|0|1330
1511416|0|0|1342
1511265|0|0|1343
1511267|0|0|1344
1511269|0|0|1345
1511350|0|0|1346
1511351|0|0|1347
1511352|0|0|1348
1511353|0|0|289
1511354|0|0|1349
1511355|0|0|1350
1511356|0|0|1351
1511357|0|0|1352
1511358|0|0|842
1511217|0|0|1353
1511218|0|0|1354
1511219|0|0|1168
1511220|0|0|395
1511221|0|0|1355
1511222|0|0|1356
1511223|0|0|1357
1511224|0|0|1358
1511225|0|0|1359
1511226|0|0|1360
1511417|0|0|1342
1511418|0|0|1361
1511419|0|0|1362
1511270|0|0|1363
1511271|0|0|11
1511272|0|0|1364
1511273|0|0|1365
1511359|0|0|1366
1511360|0|0|1367
1511361|0|0|604
1511362|0|0|1368
1511363|0|0|727
1511364|0|0|101
1511365|0|0|1219
1511366|0|0|495
1511367|0|0|1369
1511368|0|0|291
1511369|0|0|1370
1511370|0|0|1371
1511227|0|0|1372
1511228|0|0|1373
1511229|0|0|1374
1511230|0|0|848
1511231|0|0|1375
1511232|0|0|1368
1511233|0|0|1376
1511234|0|0|1377
1511420|0|0|1362
1511421|0|0|1378
1511422|0|0|1378
1511274|0|0|1379
1511277|0|0|1380
1511278|0|0|1381
1511371|0|0|1382
1511372|0|0|1383
1511373|0|0|1384
1511374|0|0|526
1511235|0|0|1385
1511236|0|0|864
1511237|0|0|1386
1511238|0|0|1387
1511239|0|0|1388
1511423|0|0|1389
1511424|0|0|1390
1511279|0|0|103
1511280|0|0|99
1511281|0|0|452
1511282|0|0|1391
1511375|0|0|67
1511376|0|0|1392
1511377|0|0|1
1511240|0|0|1393
1511241|0|0|1
1511242|0|0|1394
1511243|0|0|1395
1511425|0|0|1396
1511426|0|0|1397
1511427|0|0|1398
1511283|0|0|1399
1511284|0|0|1400
1511285|0|0|1401
1511286|0|0|1402
1511287|0|0|1403
1511378|0|0|1392
1511379|0|0|18
1511380|0|0|690
1511244|0|0|1404
1511245|0|0|1405
1511246|0|0|1406
1511428|0|0|1407
1511429|0|0|1408
1511430|0|0|1409
1511431|0|0|1245
1511288|0|0|347
1511289|0|0|1036
1511290|0|0|1410
1511291|0|0|1410
1511080|0|0|103
1511081|0|0|1411
1511162|0|0|1412
1511163|0|0|1413
1511164|0|0|1414
1511165|0|0|1415
1511169|0|0|1416
1510921|0|0|11
1510922|0|0|1417
1510923|0|0|1418
1510924|0|0|131
1511005|0|0|1419
1511006|0|0|1420
1511007|0|0|17
1511008|0|0|1421
1511009|0|0|1422
1511082|0|0|1423
1511083|0|0|1424
1511170|0|0|99
1511171|0|0|1425
1511172|0|0|1236
1511173|0|0|99
1511174|0|0|59
1510925|0|0|298
1510926|0|0|67
1510929|0|0|779
1510930|0|0|1426
1510932|0|0|1427
1510933|0|0|1428
1510934|0|0|1429
1511010|0|0|1430
1511011|0|0|29
1511012|0|0|1431
1511084|0|0|1432
1511085|0|0|1433
1511086|0|0|1434
1511087|0|0|500
1511088|0|0|358
1511175|0|0|12
1511176|0|0|1435
1511177|0|0|1436
1511178|0|0|18
1511179|0|0|1437
1511180|0|0|1438
1510935|0|0|1439
1510936|0|0|432
1510937|0|0|526
1510938|0|0|1440
1510939|0|0|333
1510940|0|0|1441
1510941|0|0|1442
1510942|0|0|673
1510943|0|0|1443
1510944|0|0|1444
1510945|0|0|962
1511013|0|0|1445
1511014|0|0|1446
1511015|0|0|28
1511016|0|0|1447
1511017|0|0|1448
1511018|0|0|1449
1511090|0|0|1450
1511091|0|0|1451
1511092|0|0|1452
1511093|0|0|1453
1511094|0|0|1454
1511095|0|0|1455
1511181|0|0|1456
1511182|0|0|1457
1511183|0|0|47
1511184|0|0|291
1511185|0|0|1458
1511186|0|0|1459
1511187|0|0|1460
1510946|0|0|1461
1510947|0|0|1462
1510948|0|0|1463
1510949|0|0|1464
1510950|0|0|1465
1511019|0|0|1466
1511020|0|0|11
1511021|0|0|1467
1511022|0|0|432
1511023|0|0|1468
1511024|0|0|1300
1511025|0|0|1469
1511026|0|0|1470
1511027|0|0|1471
1511028|0|0|842
1511096|0|0|252
1511098|0|0|1472
1511099|0|0|1473
1511100|0|0|452
1511101|0|0|470
1511102|0|0|11
1511191|0|0|1474
1511192|0|0|1475
1511193|0|0|550
1511194|0|0|1476
1511195|0|0|1477
1510952|0|0|1478
1510953|0|0|4
1510954|0|0|1479
1510955|0|0|1480
1511029|0|0|1366
1511030|0|0|1418
1511031|0|0|1481
1511032|0|0|1482
1511103|0|0|25
1511104|0|0|1483
1511105|0|0|1484
1511106|0|0|29
1511107|0|0|204
1511108|0|0|0
1511109|0|0|12
1511110|0|0|1485
1511111|0|0|1486
1511112|0|0|99
1511196|0|0|1487
1511197|0|0|1488
1510956|0|0|1489
1510957|0|0|1490
1510958|0|0|1491
1511033|0|0|297
1511034|0|0|47
1511035|0|0|99
1511036|0|0|470
1511037|0|0|95
1511113|0|0|29
1511114|0|0|1492
1511115|0|0|14
1511116|0|0|1493
1511117|0|0|6
1511118|0|0|263
1511188|0|0|1494
1511189|0|0|1495
1511190|0|0|1496
1510959|0|0|1497
1510960|0|0|1498
1510961|0|0|932
1511038|0|0|1499
1511039|0|0|1500
1511040|0|0|167
1511041|0|0|1092
1511042|0|0|39
1511119|0|0|1501
1511120|0|0|1502
1511121|0|0|1458
1511122|0|0|1503
1511123|0|0|59
1510869|0|0|1504
1510870|0|0|291
1510871|0|0|67
1510872|0|0|587
1510873|0|0|1505
1510874|0|0|1138
1510962|0|0|1506
1510963|0|0|1507
1510964|0|0|1508
1510965|0|0|1509
1511043|0|0|1510
1511044|0|0|1511
1511045|0|0|766
1511124|0|0|1426
1511125|0|0|12
1511126|0|0|59
1511127|0|0|1512
1511128|0|0|322
1511129|0|0|840
1511130|0|0|981
1511131|0|0|1513
1510875|0|0|11
1510877|0|0|1514
1510878|0|0|1515
1510879|0|0|5
1510880|0|0|1516
1510967|0|0|1517
1510968|0|0|1518
1510969|0|0|1519
1510970|0|0|1520
1510971|0|0|1521
1511046|0|0|1522
1511047|0|0|156
1511048|0|0|99
1511049|0|0|0
1511050|0|0|1392
1511051|0|0|577
1511052|0|0|297
1511132|0|0|1523
1511133|0|0|1524
1511134|0|0|452
1511135|0|0|1525
1511136|0|0|1526
1510881|0|0|46
1510882|0|0|1527
1510883|0|0|1528
1510884|0|0|12
1510885|0|0|1529
1510972|0|0|1071
1510973|0|0|1530
1510974|0|0|1095
1511053|0|0|470
1511054|0|0|1531
1511671|0|0|1532
1511055|0|0|1325
1511056|0|0|1533
1511057|0|0|1534
1511058|0|0|1535
1511137|0|0|59
1511138|0|0|849
1510886|0|0|1255
1510887|0|0|8
1510888|0|0|1536
1510975|0|0|1537
1510976|0|0|1538
1510977|0|0|941
1510978|0|0|1539
1510979|0|0|940
1510980|0|0|1540
1510981|0|0|1
1511059|0|0|1541
1511061|0|0|1542
1511062|0|0|99
1511139|0|0|1543
1511140|0|0|577
1511141|0|0|1544
1511142|0|0|1545
1511143|0|0|1546
1511144|0|0|1547
1511145|0|0|1548
1510889|0|0|669
1510891|0|0|305
1510892|0|0|1549
1510893|0|0|577
1510894|0|0|1550
1510982|0|0|1551
1510983|0|0|395
1510984|0|0|288
1510985|0|0|1552
1510986|0|0|1553
1511063|0|0|1458
1511064|0|0|1554
1511065|0|0|1555
1511146|0|0|1556
1511147|0|0|1557
1511148|0|0|1558
1511149|0|0|1559
1510895|0|0|9
1510896|0|0|322
1510897|0|0|1560
1510898|0|0|1561
1510901|0|0|1562
1510987|0|0|1563
1510988|0|0|1564
1510989|0|0|1565
1510990|0|0|1566
1510991|0|0|68
1511066|0|0|1567
1511067|0|0|1568
1511150|0|0|1569
1511151|0|0|1570
1511152|0|0|67
1511153|0|0|1571
1510899|0|0|873
1510900|0|0|1572
1510902|0|0|1405
1510903|0|0|1573
1510904|0|0|1574
1510905|0|0|1575
1510906|0|0|1300
1510992|0|0|31
1510993|0|0|131
1510994|0|0|1576
1510995|0|0|1381
1510996|0|0|1577
1511068|0|0|1578
1511069|0|0|1579
1511154|0|0|966
1511155|0|0|1580
1511156|0|0|879
1511157|0|0|103
1511158|0|0|99
1510907|0|0|1581
1510909|0|0|1582
1510910|0|0|1583
1510911|0|0|90
1510913|0|0|1584
1510997|0|0|99
1510998|0|0|1585
1510999|0|0|1
1511000|0|0|1586
1511070|0|0|1587
1511071|0|0|1588
1511072|0|0|1589
1511073|0|0|1504
1511159|0|0|1230
1511160|0|0|1590
1511161|0|0|1591
1510914|0|0|12
1510917|0|0|1592
1510918|0|0|1593
1510919|0|0|1594
1510920|0|0|1428
1511001|0|0|1595
1511002|0|0|131
1511003|0|0|1596
1511004|0|0|1597
1511074|0|0|1598
1511075|0|0|882
1511076|0|0|8
1511077|0|0|1482
1511078|0|0|1599
1511079|0|0|1600
1511810|0|0|1601
1511811|0|0|1602
1511812|0|0|1601
1511813|0|0|1601
1511814|0|0|1602
1511684|0|0|1603
1511685|0|0|1604
1511686|0|0|1605
1511687|0|0|1606
1511688|0|0|38
1511689|0|0|470
1511770|0|0|1607
1511771|0|0|1608
1511504|0|0|1609
1511505|0|0|1610
1511506|0|0|1611
1511507|0|0|1612
1511508|0|0|670
1511509|0|0|1613
1511510|0|0|1614
1511511|0|0|1615
1511512|0|0|1616
1511514|0|0|252
1511592|0|0|1617
1511593|0|0|1618
1511594|0|0|1619
1511595|0|0|1092
1511690|0|0|1620
1511691|0|0|395
1511692|0|0|1574
1511693|0|0|1621
1511694|0|0|1256
1511772|0|0|1622
1511773|0|0|1623
1511774|0|0|1071
1511515|0|0|1624
1511516|0|0|1625
1511517|0|0|1405
1511518|0|0|1626
1511519|0|0|12
1511520|0|0|59
1511596|0|0|1627
1511597|0|0|1628
1511598|0|0|1
1511599|0|0|1629
1511695|0|0|1630
1511696|0|0|1631
1511697|0|0|1632
1511698|0|0|1633
1511699|0|0|1634
1511700|0|0|1635
1511701|0|0|1636
1511702|0|0|1637
1511703|0|0|1638
1511704|0|0|1639
1511775|0|0|1640
1511776|0|0|626
1511777|0|0|470
1511778|0|0|1641
1511779|0|0|500
1511780|0|0|1642
1511781|0|0|1643
1511782|0|0|1644
1511521|0|0|140
1511522|0|0|1645
1511523|0|0|1646
1511524|0|0|1647
1511525|0|0|1648
1511526|0|0|1649
1511527|0|0|322
1511600|0|0|1650
1511601|0|0|1651
1511602|0|0|1652
1511603|0|0|1653
1511604|0|0|1654
1511705|0|0|1655
1511706|0|0|1656
1511707|0|0|1657
1511708|0|0|805
1511709|0|0|107
1511783|0|0|1658
1511784|0|0|12
1511785|0|0|1659
1511786|0|0|1660
1511787|0|0|1661
1511528|0|0|526
1511529|0|0|432
1511530|0|0|65
1511531|0|0|67
1511532|0|0|59
1511533|0|0|1662
1511534|0|0|1663
1511605|0|0|1664
1511606|0|0|1665
1511607|0|0|1666
1511608|0|0|1667
1511710|0|0|1668
1511711|0|0|1669
1511712|0|0|1670
1511713|0|0|1611
1511714|0|0|1671
1511715|0|0|1672
1511716|0|0|1673
1511800|0|0|1674
1511801|0|0|1675
1511802|0|0|1676
1511803|0|0|1677
1511535|0|0|11
1511536|0|0|11
1511537|0|0|3
1511538|0|0|29
1511539|0|0|1176
1511609|0|0|1678
1511610|0|0|6
1511611|0|0|1332
1511612|0|0|1679
1511717|0|0|1680
1511718|0|0|1681
1511719|0|0|1682
1511720|0|0|109
1511721|0|0|1152
1511722|0|0|919
1511723|0|0|1683
1511724|0|0|1572
1511804|0|0|1684
1511805|0|0|1685
1511806|0|0|1686
1511807|0|0|1687
1511540|0|0|577
1511541|0|0|65
1511542|0|0|61
1511543|0|0|805
1511544|0|0|67
1511613|0|0|11
1511614|0|0|1688
1511615|0|0|1689
1511617|0|0|1690
1511618|0|0|1691
1511619|0|0|452
1511725|0|0|59
1511726|0|0|109
1511727|0|0|1572
1511728|0|0|1572
1511729|0|0|109
1511730|0|0|1692
1511731|0|0|808
1511732|0|0|1366
1511733|0|0|1693
1511734|0|0|119
1511735|0|0|1694
1511788|0|0|73
1511789|0|0|1695
1511797|0|0|99
1511798|0|0|1696
1511799|0|0|1697
1511545|0|0|8
1511546|0|0|103
1511547|0|0|1698
1511548|0|0|1699
1511549|0|0|1700
1511550|0|0|1701
1511551|0|0|1701
1511552|0|0|408
1511620|0|0|1702
1511621|0|0|47
1511622|0|0|99
1511623|0|0|1703
1511624|0|0|1704
1511736|0|0|14
1511737|0|0|470
1511738|0|0|531
1511739|0|0|1705
1511740|0|0|1706
1511741|0|0|1707
1511742|0|0|39
1511462|0|0|1405
1511463|0|0|1708
1511464|0|0|1709
1511465|0|0|358
1511553|0|0|1710
1511554|0|0|1123
1511555|0|0|1711
1511556|0|0|1712
1511625|0|0|1713
1511626|0|0|835
1511627|0|0|1714
1511628|0|0|1715
1511629|0|0|14
1511630|0|0|65
1511743|0|0|577
1511744|0|0|8
1511745|0|0|876
1511746|0|0|764
1511466|0|0|1716
1511467|0|0|1717
1511468|0|0|1718
1511469|0|0|826
1511470|0|0|144
1511471|0|0|397
1511472|0|0|11
1511557|0|0|1719
1511558|0|0|1720
1511559|0|0|1721
1511560|0|0|1722
1511561|0|0|1723
1511631|0|0|1724
1511632|0|0|23
1511633|0|0|1725
1511634|0|0|1726
1511635|0|0|1727
1511747|0|0|1728
1511750|0|0|1729
1511473|0|0|1730
1511474|0|0|29
1511475|0|0|1731
1511476|0|0|1732
1511477|0|0|1733
1511478|0|0|1733
1511479|0|0|28
1511562|0|0|1734
1511563|0|0|1735
1511564|0|0|1736
1511565|0|0|1737
1511566|0|0|1300
1511636|0|0|1738
1511637|0|0|1739
1511638|0|0|1740
1511639|0|0|1741
1511640|0|0|1742
1511641|0|0|1743
1511642|0|0|99
1511643|0|0|1744
1511751|0|0|1729
1511752|0|0|109
1511480|0|0|1745
1511481|0|0|1652
1511482|0|0|1746
1511567|0|0|1690
1511568|0|0|1747
1511569|0|0|1748
1511570|0|0|5
1511571|0|0|248
1511644|0|0|1749
1511645|0|0|65
1511646|0|0|298
1511647|0|0|1750
1511648|0|0|99
1511649|0|0|1751
1511650|0|0|101
1511651|0|0|1752
1511652|0|0|1753
1511653|0|0|1754
1511753|0|0|1755
1511754|0|0|1756
1511755|0|0|461
1511483|0|0|109
1511484|0|0|1757
1511485|0|0|14
1511486|0|0|1758
1511487|0|0|1504
1511572|0|0|1759
1511573|0|0|1760
1511574|0|0|1761
1511575|0|0|1762
1511576|0|0|1763
1511654|0|0|1764
1511655|0|0|1765
1511656|0|0|1765
1511657|0|0|1765
1511658|0|0|1766
1511659|0|0|1767
1511756|0|0|422
1511757|0|0|72
1511758|0|0|989
1511759|0|0|1768
1511488|0|0|1769
1511489|0|0|1770
1511577|0|0|1771
1511578|0|0|1772
1511579|0|0|1773
1511580|0|0|764
1511581|0|0|99
1511660|0|0|1774
1511662|0|0|74
1511661|0|0|1191
1511663|0|0|74
1511664|0|0|1775
1511665|0|0|167
1511666|0|0|1776
1511760|0|0|1777
1511761|0|0|626
1511762|0|0|1778
1511763|0|0|1779
1511490|0|0|39
1511491|0|0|123
1511492|0|0|1780
1511582|0|0|1781
1511583|0|0|99
1511584|0|0|99
1511667|0|0|398
1511668|0|0|1782
1511669|0|0|679
1511670|0|0|1783
1511672|0|0|1784
1511673|0|0|1785
1511674|0|0|1786
1511764|0|0|59
1511765|0|0|1711
1511766|0|0|1787
1511493|0|0|1288
1511494|0|0|1774
1511495|0|0|920
1511496|0|0|1788
1511585|0|0|1789
1511586|0|0|1790
1511587|0|0|1715
1511588|0|0|264
1511675|0|0|531
1511676|0|0|264
1511677|0|0|1791
1511678|0|0|788
1511679|0|0|263
1511767|0|0|1792
1511768|0|0|277
1511769|0|0|1793
1511497|0|0|1794
1511498|0|0|1795
1511499|0|0|1796
1511500|0|0|1797
1511501|0|0|1798
1511502|0|0|1799
1511503|0|0|1800
1511589|0|0|1801
1511590|0|0|1802
1511591|0|0|1803
1511680|0|0|1804
1511681|0|0|1805
1511682|0|0|1806
1511683|0|0|670
