16 1510766
16 1511325
16 1510404
2 1511752
2 1510664
2 1504124
2 1479482
2 1510273
2 1511454
29 1511587
29 1504260
37 1510083
10 1499117
10 1511346
10 1511788
10 1507091
10 1510581
10 1474967
7 1474367
33 1509536
4 1510981
4 1474371
4 1510691
4 1511219
9 1510227
9 1511574
20 1510094
20 1511776
38 1511555
14 1497885
14 1497636
14 1493367
14 1510018
18 1511006
58 1511113
42 1511309
6 1489405
6 1510467
3 1510758
3 1510668
27 1498609
27 1510464
13 1503493
13 1510263
34 1510077
1 1507976
35 1511033
19 1510197
51 1511469
11 1510118
11 1510354
11 1494556
15 1510758
36 1511079
28 1503408
23 1510082
62 1510350
56 1510261
47 1510445
12 1499503
41 1510455
68 1505993
46 1510678
21 1510874
26 1509004
22 1510990
65 1511055
39 1510864
5 1511221
25 1510597
63 1505485
54 1499115
17 1510411
40 1511632
57 1474364
8 1510511
64 1511249
66 1502182
44 1491230
43 1510382
30 1511557
30 1511139
50 1486203
31 1510763
45 1510163
24 1510150
55 1511546
32 1510328
59 1510204
53 1510587
75 1511788
75 1507939
75 1511439
61 1511546
60 1510967
77 1511470
77 1511345
77 1510269
83 1505374
52 1510210
48 1511668
70 1510166
70 1510077
85 1510932
85 1510214
79 1510343
79 1481178
84 1510237
67 1510491
78 1511772
82 1510339
71 1508941
81 1511102
49 1511426
80 1511191
73 1510415
74 1496501
95 1510214
95 1510677
95 1476466
95 1510486
95 1510753
111 1510397
106 1510436
106 1510275
99 1499854
99 1510236
99 1510153
99 1510625
102 1491613
108 1511512
131 1478103
135 1510775
141 1510896
136 1511103
142 1510182
92 1510632
92 1496589
103 1511657
103 1487770
103 1510147
97 1510692
94 1511424
94 1496119
152 1509342
116 1511237
101 1510370
101 1511267
101 1502271
93 1511407
93 1510669
130 1507404
90 1511513
90 1510597
91 1511085
164 1511162
119 1510631
98 1493332
143 1511208
107 1510931
107 1507225
185 1478173
89 1509539
89 1472003
199 1510307
87 1511647
88 1510560
149 1511751
114 1497635
100 1508807
100 1510708
148 1510401
113 1511182
155 1511121
194 1510929
115 1510354
104 1511130
216 1504745
220 1494593
224 1511251
112 1510894
137 1510107
124 1510946
153 1510141
125 1510288
105 1479934
191 1504901
128 1506306
218 1511392
146 1502993
179 1511106
188 1511508
213 1510176
227 1494593
151 1511142
175 1510554
122 1511146
249 1499795
250 1510042
192 1510640
189 1510103
129 1511775
133 1510630
166 1506379
160 1511374
254 1510861
210 1510468
226 1474466
110 1511079
182 1495874
138 1510383
159 1510145
167 1509582
118 1511325
259 1511153
174 1511107
163 1476918
145 1511614
161 1511728
266 1509582
162 1511274
181 1511586
222 1508832
173 1474875
134 1511224
187 1510051
120 1499709
126 1510378
223 1482861
132 1511068
264 1510971
158 1511221
96 1511090
200 1511573
117 1510991
144 1478100
198 1510260
286 1510128
246 1510493
123 1498423
165 1511205
172 1481273
195 1510997
214 1510489
228 1510108
258 1510564
156 1509683
196 1510938
150 1489431
237 1510094
177 1510184
140 1510431
205 1510975
168 1481269
127 1506312
204 1510945
238 1485830
234 1511128
183 1511345
231 1511143
