1 1211122763
1 19151213500
1 20011210199
1 1411110058
1 13020510088
1 20080100022
1 1501110066
1 19031211464
1 3111044
1 14130130330
1 21181214122
1 21011210181
1 1501120635
1 18131212924
1 1201120230
1 13030130080
1 1402120836
1 19011210599
1 18171213391
1 1202121292
1 1606122278
1 19041212114
1 20111212980
1 1022110046
1 1612122995
1 1202121012
1 19050500155
1 15010140022
1 17050110017
1 18030100305
1 1602121253
1 19010100162
1 19041212023
1 21021210969
1 20009102092
1 18040300023
1 1302120924
1 13050110047
1 21051212220
1 1405122290
1 2105110
1 1305122263
1 3121246
1 1022310221
1 13010140075
1 19040500017
1 7112035
1 1401120316
1 20200340005
1 4113027
1 2121123
1 18021210637
1 18091223707
1 20009101227
1 3121029
1 14050110033
1 19020100344
1 18051211950
1 1602120914
1 20009100354
1 1301120333
1 21021211139
1 13030120043
1 14010110009
1 18010500009
1 17050120091
1 19069100077
1 17021210897
1 19051212220
1 21011210358
1 19140200100
1 16020310019
1 1201120705
1 1202121120
1 2115052
1 17051212158
1 13010510014
1 2111217
1 1601120124
1 1121333
1 1611122816
1 1405110257
1 1403121770
1 1106122339
1 17111212823
1 15140280019
1 2119004
1 1403121656
1 20111110246
1 19071212685
1 1202120845
1 20041212006
1 19140200082
1 20021210877
1 1506122331
1 20009102147
1 21111213081
1 1302121125
1 4123104
1 1603121545
1 18069100236
1 2115057
1 16160210022
1 21131213394
1 4122027
2 1211122661
2 21061212411
2 3121031
2 15170110066
2 20171213763
2 20009201357
2 19051212233
2 1202120881
2 17130130276
2 1604121921
2 18031211359
2 21041212080
2 15020510029
2 4111122
2 13111380
2 1301120427
2 17061212209
2 16010510025
2 1503121800
2 15020110099
2 1303121693
2 4121100
2 17031211433
2 15040110053
2 17031211605
2 1511122704
2 4115049
2 1310122672
2 18031211480
2 14020310017
2 17051212103
2 1501120166
2 19111212968
2 7114066
2 13020510057
2 1125072
2 1613123037
2 17011210535
2 19011210557
2 19111212836
2 1604121974
2 14150110026
2 21021210972
2 14122098
2 13140210100
2 19040300020
2 17040410066
2 4114008
2 19010100440
2 21151213549
2 1410122560
2 18011210425
2 13010140084
2 20009101305
2 2121409
2 1502121389
2 17111212649
2 1403121670
2 1301120124
2 14310116040
2 13060110033
2 19041212101
2 14122215
2 1601120523
2 19011210173
2 18141110428
2 13060310001
2 19161213712
2 13020110074
2 1201120557
2 20111212735
2 21051212237
2 15069120005
2 1601120345
2 20031211581
2 19171213886
2 1401120541
2 1111130
2 5111111
2 18151213039
2 21111213162
2 18011210227
2 1203121644
2 1201120374
2 1301110094
2 21111212917
2 18141212987
2 16030120072
2 1504121893
2 19140100144
2 17011210428
2 1302121375
2 20181214403
2 19020100190
2 15010110057
2 18051211970
2 18171213371
2 21151213673
2 1403121703
2 18011210379
2 1611122854
2 1501120388
2 19010100373
2 14130140393
2 1401120019
2 19011210431
2 18180100074
2 19011210534
2 1402120766
2 17111212780
2 21011210028
2 1301120468
2 16020120021
2 17021210820
2 19021211321
2 1201120364
2 20009200160
2 1201120732
2 1615123171
2 18021210827
2 20011210172
2 1303121814
2 21031211535
2 3102061
2 13030120082
2 19031221578
2 19021211149
2 15140110094
2 13020120011
2 15030140077
2 1401120104
2 19031211533
2 13060310029
2 19031211495
2 16020130028
2 1203310218
2 1202121455
2 1511122795
2 1113052
2 17140210074
2 16069130043
2 2121014
2 14030410016
2 17051212068
2 1601120347
2 14140120039
2 18011110158
2 1111325
2 1208122550
2 1503121527
2 13121029
2 1604121919
2 1303121559
2 13020710022
2 1301120132
2 1601120594
2 1303121668
2 1204121912
2 17031211506
2 1302121233
2 1301120193
2 1122110063
2 20031211410
2 1502121441
2 13121115
2 21151213663
2 18171213442
2 1301120484
2 21111223235
2 1211122717
2 1305122275
2 14040120070
2 1003310268
2 17031223291
2 1301120526
2 19021110500
2 1511110325
2 1206122320
2 20131213328
2 1611122850
2 3111403
2 16010140066
2 17020520006
2 1202121189
2 1211122814
2 19171213912
2 4123088
2 8103012
2 14030288017
2 19131213294
2 1602110177
2 17151213158
2 14122024
2 1406122379
2 1201110109
2 20021211000
2 19069100219
2 20151213457
2 1504110238
2 2111164
2 17071212374
2 1201120627
2 1311122784
2 1202121303
2 18062023667
2 19021211009
2 1403121843
2 1602121021
2 1121133
2 17011210469
2 1506122359
2 7114145
2 14020310046
2 19022100021
2 1403121621
2 6121006
2 1602120711
2 18051211922
2 13010120086
2 1601120442
2 17050110037
2 1302121197
2 17111212720
2 18030100090
2 1503121744
2 3111056
2 20181214408
2 14020510078
2 16130120185
2 20041211855
2 20031211619
2 1403121830
2 1115057
2 8114014
2 21131213354
2 21061212462
2 1301120660
2 16010140076
2 13020520027
3 18011210123
3 1304122081
3 21063222494
3 4114037
3 19121213258
3 1202121288
3 21041211944
3 20020100001
3 1401120662
3 19069100036
3 15020520003
3 1402321513
3 14060610002
3 15040120104
3 15080110019
3 1201120328
3 15020710020
3 1414310313
3 21021211316
3 13010120057
3 2125116
3 1111202
3 1504121953
3 20041211928
3 1302121422
3 13170210006
3 20063222428
3 1402120751
3 1201120458
3 18051212002
3 4121001
3 1301120038
3 20063222464
3 1401120340
3 20121213164
3 17041211922
3 21181214147
3 21111213114
3 19031211493
3 17111212759
3 1113110010
3 21181214012
3 1301120704
3 4111126
3 20021210724
3 19021210919
3 3111193
3 18040400045
3 14040510075
3 20009101227
3 21021210989
3 15040120101
3 1504122022
3 1606300062
3 19011210159
3 1602120879
3 3121287
3 21041212075
3 17063020074
3 19063222612
3 19061212403
3 1207110283
3 16130140323
3 14020310070
3 1411122918
3 18170100014
3 1512122895
3 20151213613
3 1203121741
3 21131213438
3 20011210462
3 19069100140
3 18011210369
3 13130120169
3 19051212246
3 1304122204
3 18140200146
3 5114017
3 19010190023
3 20111213114
3 19171110140
3 20021110044
3 3121023
3 13060310012
3 20131213240
3 1301120222
3 20040100014
3 20131213262
3 15069120008
3 20181213984
3 20041211906
3 20051212160
3 20011210315
3 17140199004
3 2121228
3 1601120017
3 13090110015
3 1603121421
3 16180110071
3 18111212674
3 20063222410
3 1304122186
3 20171213750
3 14050510055
3 13020110005
3 14020520029
3 1402110132
3 13060410023
3 20111212908
3 16080120017
3 7124073
3 16020150051
3 18130500319
3 21021210789
3 18041211831
3 19020100265
3 1503121596
3 1611122926
3 13050120025
3 19180100019
3 1211122823
3 19063222615
3 1414123001
3 1602121194
3 20009101404
3 17041211956
3 17011210086
3 3122004
3 19180300018
3 20131213299
3 1601120113
3 13020310053
3 1304122140
3 17050120089
3 1602120741
3 1501120409
3 1204121974
3 3112053
3 1201110001
3 1602121228
3 13040410042
3 20011210101
3 4123113
3 17121212917
3 20041212066
3 21181214301
3 20049200554
3 21011210243
3 3121051
3 1402120962
3 20009101329
3 1502121164
3 18160200033
3 18069100174
3 2113022
3 1507122418
3 1301120562
3 19031211653
3 19030500136
3 21011210563
3 18031211320
3 1302121388
3 9062310116
3 13030110083
3 18161213271
3 18011210112
3 17041211930
3 14030210023
3 17010130003
3 2121204
3 6123002
3 1402310034
3 1403121518
3 15040120123
3 20021210921
3 19040100010
3 17011210575
3 17021210984
3 14010510064
3 17050510061
3 19019100021
3 17040510052
3 13050510021
3 1301310082
3 19061212355
3 17040520001
3 20079100018
3 18011210174
3 1401320549
3 16030140052
3 21041211815
3 1202120845
3 21011210544
3 1601120470
3 13030130083
3 14020310065
3 19061212464
3 8111038
3 4124037
3 6115031
3 20111212830
3 1605110056
3 1506300052
3 18021110230
3 1713110407
3 1301120649
3 20151213445
3 20069100036
3 1204122119
3 14121107
3 14020510049
3 17020610008
3 19021210939
3 1202120762
3 1501120643
3 5111083
3 20041211893
3 20011210580
3 21031211619
3 19021211316
3 14040410061
3 20041212014
3 17041212010
3 13010310006
3 2113064
3 13040120131
3 19170200022
3 1302121251
3 17011210051
3 17011210364
3 18021211221
3 1502121281
3 1404122024
3 17031211531
3 1603121540
3 20071212539
3 17131213005
3 20011210439
3 4121075
3 13050510002
3 19010100170
3 20111212814
3 1121109
3 21011210494
3 13010150063
3 1502121005
3 21041211908
3 20021110067
3 1102110177
3 20131223344
3 20041211751
3 14112072
3 1123065
3 1206122316
3 1701110129
3 21021211278
3 1711110365
3 18111212730
3 6124037
3 19021211122
3 2116010
3 1401320546
3 20041211885
3 16130120164
3 14060410019
3 14040110015
3 21041212062
3 17131212937
3 9071110120
3 18140100043
3 19160100028
3 1304122220
3 19050500063
3 13020510054
3 2117029
3 21111213049
3 21151213727
3 1207110284
3 19020100077
3 1505122161
3 13140120038
3 1602121363
3 16050188017
3 16030110019
3 1602120791
3 1606110285
3 1406122384
3 21021211148
3 18101223719
3 4124075
3 19021211233
3 20049200024
3 21011210327
3 13010130001
3 1121481
3 17161213200
3 1204122076
3 1303121786
3 21041211885
3 21181214348
3 15040110013
3 19051110408
3 17020710014
3 19010500033
3 13030140077
3 8126001
3 19050300041
3 18111223831
3 1401320582
3 13020140013
3 1406122330
3 2123086
3 14020140029
3 1304121950
3 18061212103
3 19131110575
3 20069100238
3 18101223777
3 18030100110
3 1204122034
3 1402110171
3 17090210020
3 15160299007
3 1401120370
3 15140110034
3 13111308
3 13111095
3 13040310084
3 21021211323
3 1402110144
3 21041211821
3 13040110043
3 15130120114
3 17130140358
3 20021210645
3 19011210179
3 1306122406
3 20071212620
3 20011210109
3 8126003
3 1405122290
3 20009201474
3 4123027
3 21111212993
3 1502321415
3 19031221809
3 20159100002
3 18111212604
3 17011210188
3 15090310010
3 19040100062
3 3111282
3 14020520002
3 13050310041
3 1202120954
3 18011210307
3 17111212734
3 19040100069
3 1204122190
3 15050520041
3 17111212762
3 4111042
3 20171213814
3 20021110257
3 1604110246
3 20151213455
3 18031110283
3 1605122126
3 21021210826
3 1204121997
3 14060910013
3 1115018
3 1302110137
3 17010120028
3 15050520044
3 20009201115
3 21041211907
3 18030100328
3 19030100063
3 17101223418
3 8121029
3 1210122631
3 1609122568
3 812310223
3 19011210303
3 21021210860
3 17021210765
3 1107310268
3 21051212289
3 17130110004
3 1502121255
3 16030120015
3 15030120086
3 4125010
3 8111012
3 18069100153
3 2127027
3 1501120153
3 18021210875
3 8115024
3 1401110079
3 1504110219
3 20009102078
3 21131213406
3 17031211452
3 1511122792
3 13030110061
3 17031211682
3 18031211297
3 21031110069
3 1301120254
3 18040500088
3 1203121744
3 14140210085
3 20009101994
3 17069130056
3 5120025
3 14150110023
3 20021211234
3 16040110013
3 20111213070
3 19061212482
3 111338
3 21131213377
3 21011210149
3 6113014
3 18101212402
3 14020310016
3 1403310195
3 1103110002
3 20159100019
3 16040410077
3 19050500077
3 19021110026
3 20041211799
3 19160100032
3 21021211119
3 17021211172
3 19111213096
3 3124017
3 17040410016
3 7114147
3 21111212818
3 20021211197
3 16040110072
3 20121213204
3 1302121230
3 18011210063
3 18171213297
3 3111088
3 1302120761
3 2121287
3 1302121473
3 4126013
3 19121213252
3 1206100031
3 1201120468
3 21111223232
3 20011210339
3 1125127
3 15050310024
3 17071212345
3 20009100622
3 21051212246
3 1402121364
3 20111213093
3 2113029
3 1602110178
3 1501120269
3 14050310063
3 21171213883
3 20021210590
3 17090310008
3 19040200021
3 19011210501
3 4116019
3 20080100024
3 18031211386
3 2127008
3 19021110031
3 18021211051
3 15020510040
3 1301120317
3 1505122265
3 1509122496
3 17101212486
3 1121125
3 18051212053
3 18111223842
3 1311122754
3 1511122801
3 21111212860
3 8122008
3 19159100017
3 20061212338
3 19011210442
3 1302110138
3 4122005
3 2119020
3 20009101372
3 20051212104
3 20050500012
3 21051212274
3 17011210573
3 4113064
3 1302120788
3 19011110005
3 1207122492
3 17031211501
3 18040100175
3 18140100146
3 20009100039
3 21031211670
3 7113002
3 1507122415
3 15050610023
3 21041211969
3 21061212592
3 4115043
3 16069120055
3 6124013
3 20021210674
3 14020120064
3 21063222527
3 3121243
3 1402121137
3 1311122946
3 19020300025
3 19021210832
3 1408122503
3 21021211281
3 1406122331
3 17170110027
3 15010510040
3 18111210119
3 14030188012
3 20009201226
3 18041211724
3 21011210133
3 19140100077
3 18041223555
3 19021210782
3 1115099
3 1404121944
3 13090210010
3 16130140378
3 1401120397
3 1502120840
3 4113080
3 19040100152
3 17140220087
3 20009100061
3 21041212105
3 20049200381
3 1601320336
3 20041211890
3 1201320632
3 20011210530
3 17051212061
3 18160200040
3 17041211773
3 1402121257
3 1502121342
3 16050120070
3 20009101359
3 1203121756
3 13140120072
3 1311122700
3 1404110218
3 1307122464
3 20051212111
3 4111176
3 20020300001
3 1501120056
3 20021210718
3 15130120195
3 1204121957
3 1311122876
3 20049200158
3 21031211760
3 20181214393
3 21011210127
3 1205122307
3 7114003
3 14112009
3 1303121565
3 19020100264
3 16140120011
3 21151213550
3 20061212288
3 1503121828
3 14120001
3 21111212858
3 20071212540
3 14140110026
3 13030120077
3 19050100040
3 1304122070
3 1609122583
3 18062023701
3 1121131
3 15170110050
3 20011210345
3 21021211184
3 21041211904
3 17140220067
3 19069100257
3 1501120446
3 19180100148
3 19090100022
3 20111110315
3 13040520147
3 21011210212
3 21031211509
3 18081212313
3 17050520037
3 1605122171
3 1603121600
3 17021210923
3 19069100213
3 18111223844
3 21021210810
3 1411122870
3 17021210958
3 2121387
3 18021211058
3 17130130221
3 19111110108
3 19090200005
3 7124054
3 17131212981
3 15010140003
3 18011210196
3 20181213909
3 20069100208
3 1402120991
3 20009100120
3 1501120094
3 21011210581
3 20041211818
3 1306122384
3 1203121861
3 20031211664
3 20041212044
3 4121125
3 1306310255
3 19090300004
3 20041211744
3 20069100247
3 19111110099
3 16040410026
3 14060610012
3 19020190007
3 21051212256
3 19010500046
3 19041212053
3 19021210878
3 19170200014
3 1602120963
3 21111213015
3 1202120996
3 1402310127
3 2126011
3 14170110050
3 20171213716
3 6124033
3 20051212198
3 20009100348
3 1612123022
3 1202121254
3 20011210495
3 21011210416
3 1502121283
3 14030120018
3 13050610032
3 5111124
3 21041211888
3 14140220047
3 7112008
3 15140210060
3 1121133
3 13020310019
3 18030100284
3 1304122217
3 21011210188
3 18061212090
3 1306122387
3 21021210725
3 1504310220
3 18031211332
3 1401120118
3 21131213427
3 1506300051
3 21131213351
3 20021210976
3 14030130093
3 1502120883
3 20161213652
3 2113084
3 19121213277
3 16069130055
3 18050500030
3 20020140018
3 20009200823
3 2121139
3 17101223431
3 20111110317
3 6114024
3 19010500079
3 1604122055
3 16140110091
3 8112005
3 1505122149
3 1401110095
3 8125022
3 19090200020
3 19031211559
3 21041212037
3 18021210662
3 18041211786
3 21011210014
3 1605122140
3 19111213026
3 21051212286
3 21111213021
3 1406122362
3 18030100073
3 16069120063
3 1125068
3 18180300055
3 15090110007
3 1304110052
3 13040410045
3 8114010
3 21011210609
3 1502120827
3 19020190012
3 13060110023
3 16010410038
3 14050510017
3 1202120933
3 17021210680
3 19021110047
3 21021211189
3 1304122111
3 1404121960
3 15090210020
3 14122027
3 21041212009
3 21063222469
3 15050120082
3 19021211109
3 18020100178
3 20111213029
3 18151213045
3 20049200520
3 14121095
3 19140200103
3 16030140058
3 2111139
3 19131213313
3 17010170013
3 13160299036
3 14111031
3 21051212285
3 19030100099
3 20009100376
3 18021211260
3 13040410061
3 1301120395
3 17010510036
3 1606300107
3 19111213144
3 18151213157
3 15030110033
3 20151213460
3 1301120115
3 5121164
3 1605122150
3 1403121640
3 17020610020
3 18021211006
3 21131213344
3 18051211924
3 5121047
3 13040520123
3 15130140368
3 15140110001
3 18069100217
3 7114002
3 18021110205
3 17121212876
3 13050110041
3 16050520023
3 19040500023
3 14030140005
3 20181214115
3 14122008
3 1306122429
3 1202121491
3 1708110352
3 1511122744
3 19090300005
3 14050190016
3 1125148
3 1601120593
3 13020110061
3 21011210429
3 18010500041
3 13020140052
3 1202120896
3 20049200539
3 4111182
3 1502121371
3 21041212103
3 18061212087
3 1501120559
3 21111223225
3 19079100008
3 21063222468
3 18011210379
3 21051212338
3 6123003
3 14310116063
3 1602121014
3 21051212339
3 18071212242
3 19041211867
3 1602121264
3 21111213048
3 19040300029
3 1305122332
3 1601120578
3 1414122997
3 13010510064
3 1402110113
3 13170210034
3 14112113
3 1715110424
3 1402120864
3 1012310183
3 16140120032
3 19021210720
3 1713110411
3 13010140006
3 20181214170
3 21181214114
3 18022100050
3 1502120849
3 15040410035
3 17021210780
3 14122064
3 1604310054
3 1606300077
3 1202121376
3 18040400021
3 18140200134
3 21021211310
3 20011210274
3 19050100075
3 20049200178
3 19040500061
3 18030400017
3 21021211337
3 21181214052
3 17031211512
3 19069100166
3 19111213132
3 15170110011
3 1403321818
3 1701110113
3 21031211534
3 21021210914
3 18041211782
3 21131213373
3 21031211712
3 18020100079
3 1404122086
3 1201110128
3 4122035
3 21021211138
3 13040210010
3 19030500330
3 21041211968
3 15030120054
3 13121194
3 9272310289
3 14030110080
3 21031211649
3 20069100167
3 19020100023
3 18021110209
3 1606300112
3 20009100026
3 18041211764
3 16069110040
3 14122126
3 15069110082
3 18031211558
3 2111339
3 14111149
3 15030188008
3 13030210015
3 21021211345
3 20171213683
3 2127025
3 13060610029
3 1503121784
3 1401120057
3 21011210046
3 13060310022
3 13040610011
3 1204121945
3 19140200042
3 1404110211
3 20071110308
3 19031211413
3 17069140029
3 19180300003
3 15069110001
3 1310122683
3 1507122394
3 18021210745
3 18021211031
3 1111520
3 18050100121
3 20021210747
3 17071212338
3 17030140082
3 1402120767
3 7115011
3 21063222543
3 18040100001
3 19021110353
3 4121086
3 21021210671
3 18062023651
3 20071212564
3 16080120002
3 13010140011
3 13170110025
3 13130188005
3 4115002
3 16029110019
3 1607310292
3 20031211582
3 21031211513
3 21111213066
3 19171110604
3 21021210862
3 20031211467
3 18030100197
3 1403321798
3 18070100007
3 1409122527
3 1202120978
3 21111223236
3 1302120786
3 20011210168
3 1201120517
3 20009201003
3 13140210083
3 14040199007
3 14130188014
3 19021210966
3 20009101670
3 18111223838
3 1312122998
3 17011210414
3 19020100028
3 20181214413
3 20181213892
3 20061212281
3 20151213597
3 20131213330
3 20181213927
3 21161213763
3 8127025
3 17011210440
3 20009100732
3 5121061
3 1511122795
3 13040110002
3 20011210526
3 1611122682
3 20181213967
3 18050300032
3 18010190024
3 21111213159
3 20031211585
3 1301120305
3 1707110351
3 21111212778
3 20009102230
3 1402120726
3 20041211891
3 20041211929
3 1307110264
3 21041211809
3 18061212101
3 14020110006
3 13040120174
3 21111213124
3 19111110444
3 18020300028
3 1713110410
3 18041211796
3 19091212744
3 19151213512
3 17040210007
3 4114050
3 15020310031
3 13060310014
3 1302120876
3 13140120071
3 18041211790
3 21011210461
3 18151213247
3 1211122666
3 1611122952
3 20011210537
3 20051212136
3 20061212327
3 17040110027
3 16040520032
3 21111213145
3 1505110268
3 20041212025
3 1713110402
3 19063222568
3 18111212502
3 13020310009
3 1211122755
3 19180100130
3 1306122440
3 21041211984
3 13060310018
3 21031211651
3 18011110150
3 19041110064
3 4113065
3 1311122864
3 13030120039
3 19069100039
3 1402121493
3 1514110338
3 1301120091
3 21181214481
3 21111213103
3 19010100004
3 21021210708
3 20131213319
3 19041211906
3 21031211729
3 20049200412
3 1202120960
3 20071212550
3 21111212956
3 1403110205
3 13140220014
3 21041211796
3 1404122048
3 2115100
3 19030500340
3 19010100318
3 18200100019
3 1404122030
3 20049200384
3 18011210170
3 18031211440
3 15130120115
3 13020120057
3 20011210065
3 1401110085
3 19010100173
3 20011210137
3 19021110048
3 6114020
3 1503121777
3 1304122205
3 21111213146
3 1602120978
3 1202121421
3 1412122937
3 17030130078
3 21063222483
3 21021211256
3 1403121614
3 1302121340
3 1106122403
3 15140220070
3 14112071
3 20111110313
3 6112020
3 19140100185
3 17161213205
3 1502121026
3 21041212123
3 1501120557
3 1511122628
3 19161213709
3 18141213020
3 13140210075
3 21011210254
3 5120012
3 17130110088
3 20041211777
3 1201120122
3 1607122484
3 18040300048
3 1501120195
3 1404322042
3 18030100390
3 19021211147
3 19069100252
3 1302121133
3 1202110038
3 13121045
3 21181214403
3 19021210793
3 21061212360
3 20009101982
3 1119041
3 17011210483
3 15010510089
3 18031211322
3 1404110217
3 20011210429
3 1206122345
3 21021211296
3 1402110032
3 19041212032
3 20009200657
3 18041110294
3 7115035
3 20061212379
3 18031211392
3 13140210020
3 1606122331
3 18200100245
3 19051110078
3 17021223279
3 14050520069
3 17020610024
3 1111515
3 15040610018
3 8111002
3 18090200013
3 1502121411
3 19030500089
3 3111361
3 21181214369
3 21051212156
3 19091212731
3 1701110136
3 13170110035
3 14140210088
3 1208122563
3 1503121560
3 18020300075
3 1103310212
3 21131213437
3 15140120054
3 1202120880
3 19111213100
3 21021211243
3 2125081
3 18020100299
3 1401120075
3 1202110197
3 17140110067
3 2114013
3 18041211681
3 8125018
3 20009100416
3 1303121881
3 1012110187
3 20041211740
3 2116024
3 19151213491
3 19051110302
3 20021211195
3 9221110249
3 21011210595
3 18121212810
3 5123029
3 19030100061
3 20181214155
3 18131110414
3 14010150032
3 16140210092
3 21011210403
3 20030540008
3 16030110070
3 1201120126
3 16020110021
3 15140120104
3 20021211152
3 17021211376
3 18021210039
3 1605122114
3 18031211374
3 20021211255
3 18041211768
3 18021211084
3 1604121879
3 17031211664
3 3121296
3 1312310313
3 16090110014
3 16030140004
3 14010190007
3 1404110222
3 18010100063
3 2121164
3 1504121983
3 16020510007
3 3111041
3 1606122254
3 1201120287
3 1702110148
3 18041210046
3 19011210469
3 1702110220
3 1514123002
3 2121396
3 1501120232
3 1408122510
3 17041211870
3 20151213550
3 4114024
3 21041211852
3 13130130219
3 18051211936
3 17021210739
3 1606300069
3 19189100003
3 18031211393
3 19021211271
3 16040110017
3 21131213424
3 20009100670
3 13140199005
3 19050100201
3 19180100031
3 1401320561
3 20021210685
3 18030400026
3 20011210460
3 16070110028
3 19061212422
3 4114063
4 1402121506
4 1206122341
4 1401120688
4 17011210229
4 1611122889
4 2116010
4 2125040
4 1202121350
4 17080310017
4 20021211221
4 1113026
4 17111212643
4 1121159
4 21171213931
4 19021110378
4 19111213117
4 19021211322
4 1601120502
4 20021211237
4 20021210751
4 13060410010
4 1401110006
4 1507122431
4 1206122344
4 15130130292
4 18061212110
4 20181214073
4 17031211601
4 1302121388
4 18011210408
4 4111184
4 1610122619
4 19111212829
4 1202121243
4 17041211994
4 15010110074
4 13111131
4 13030130019
4 1302121089
4 3111175
4 1307122449
4 17121212921
4 19030500180
4 1307310260
4 14080210025
4 2115151
4 1503121585
4 13111192
4 1602121067
4 3111072
4 19030100399
4 1513310337
4 1206100037
4 1606122244
4 20171213742
4 1301110104
4 20031211639
4 1301120119
4 20009100128
4 20181214273
4 20011210531
4 20091212660
4 19031211691
4 1601110120
4 1311122931
4 1202120918
4 1302121422
4 13030110011
4 21021210770
4 14050110027
4 1605122115
4 8127008
4 20041211860
4 19171213835
4 19050100107
4 1601120232
4 1611122953
4 18011210156
4 18031211584
4 13111336
4 18031211455
4 1206122360
4 16130120151
4 21071212662
4 21031211553
4 18031211550
4 13010520038
4 19021110345
4 21121213325
4 20021210788
4 1204121947
4 18011210380
4 18040500044
4 1602110020
4 1602121102
4 20009101439
4 21181214065
4 1302121250
4 19171213753
4 21061212357
4 19010500045
4 19051212302
4 1505122175
4 20021211272
4 1201120325
4 20151213528
4 4125060
4 19011210195
4 15020140039
4 1511122710
4 21021211318
4 1602120800
4 17031223332
4 16030130082
4 21151213535
4 21041211965
4 19041110401
4 17051223352
4 17010140018
4 21111212834
4 13121072
4 1611122697
4 14030210023
4 20111212917
4 8113010
4 16030120041
4 21151213539
4 1503121669
4 19031211447
4 13170110041
4 14130130293
4 1502321457
4 3121232
4 2119027
4 18041223561
4 13130110082
4 20071212540
4 17021210966
4 19011210044
4 1101110079
4 13020140016
4 21111212761
4 19011210490
4 7112035
4 19011210408
4 13090110001
4 1201120086
4 21011210021
4 1502110028
4 20009101329
4 14140220105
4 21171213971
4 20181214254
4 1211122935
4 1202121376
4 17021211206
4 1303121610
4 1401120692
4 1605110273
4 15030140042
4 17131212960
4 8115012
4 19021210688
4 17180110060
4 19171110141
4 1704110309
4 16170110057
4 1406122376
4 19011210348
4 20171213724
4 19151213664
4 19151213497
4 1611122812
4 19051212245
4 1611122819
4 14020140047
4 3111098
4 3111241
4 19041212061
4 1302121075
4 1123063
4 1201120433
4 1404122063
4 21041212134
4 16130120153
4 1202121266
4 1403121785
4 16040120012
4 21111213078
4 18171213297
4 16130120161
4 1401120220
4 17041211797
4 1121405
4 1502121361
4 16080310007
4 20041211896
4 3121171
4 1501120654
4 3121051
4 1602121269
4 13140210099
4 15040120134
4 20009100609
4 15150210013
4 1404121917
4 13111263
4 15180210005
4 15050110034
4 19041212136
4 18021211223
4 1301120691
4 18151213254
4 19151213676
4 17031211660
4 13130110072
4 1511122804
4 21181214457
4 19171213864
4 1404121915
4 21151213684
4 15150110019
4 19011210125
4 1120027
4 20071212571
4 17041212034
4 19041212105
4 21031211404
4 1211122687
4 19031211385
4 7114090
4 14030140059
4 18011210111
4 1503121695
4 18031223486
4 19030500029
4 1307122516
4 13030210013
4 16040410077
4 17101223385
4 13130120169
4 1202121396
4 21031211780
4 1201120717
4 20113212846
4 18041223552
4 17170120043
4 3111035
4 17011210176
4 14111119
4 1205110246
4 1605122084
4 1504122089
4 19090300020
4 1502121023
4 20011210431
4 1504322073
4 16010120090
4 19011210577
4 19171213816
4 2113051
4 15130110048
4 13010320042
4 1304110217
4 17011210288
4 20031211644
4 21051212317
4 17021210736
4 16030120072
4 21021210764
4 16090210011
4 18021110223
4 15090310007
4 13121200
4 18111212750
4 1407122444
4 18021210760
4 1505122207
4 13111074
4 14010120075
4 20099100054
4 17031223313
4 21021211015
4 1604121853
4 18021210701
4 4121136
4 20031211346
4 19040100064
4 18030100432
4 19021211042
4 1611122801
4 19011210155
4 20181213854
4 18041211760
4 1202120798
4 13010320007
4 14170110007
4 1601120116
4 17021210752
4 14112127
4 1202121401
4 21031211470
4 1311122773
4 1402120765
4 1311122806
4 1302121126
4 1302121291
4 1603121762
5 19041211919
5 13130120197
5 19031211496
5 1202121385
5 18020100253
5 4111013
5 19011210030
5 18041211846
5 17011210042
5 20011210525
5 1202121248
5 1302110130
5 19010100356
5 1501120175
5 1404122093
5 18041211715
5 19030100404
5 1603121532
5 1505122142
5 4125105
5 17021211367
5 1504122055
5 17011210202
5 17021210661
5 17030140025
5 1202121237
5 1310122665
5 13050310042
5 19021211135
5 1401120060
5 1303121566
5 19021210674
5 17030199020
5 1402121264
5 3111397
5 1301120399
5 21111213117
5 1301120065
5 13020110063
5 1304122171
5 1008110077
5 3121353
5 20131213258
5 1205122282
5 19021211043
5 15050310031
5 2121139
5 2111266
5 18021211112
5 1402121183
5 20151213600
5 18031211466
5 14040310091
5 21031211447
5 1211122707
5 14020310046
5 15020510040
5 13121293
5 18021211123
5 2111203
5 18130500298
5 21021211194
5 13140210101
5 1402120702
5 17020310016
5 18151213047
5 20009101251
5 21041212093
5 15020310016
5 1502110183
5 1201110119
5 16010520030
5 15069120068
5 1206122388
5 5121098
5 4114031
5 16130130308
5 19011210503
5 3122052
5 17030110045
5 1501120283
5 4121093
5 1611122953
5 1501120151
5 17111212563
5 1125143
5 1502121254
5 14020140069
5 1202120926
5 20079100088
5 14130140351
5 1502121046
6 13010150023
6 19040200003
6 18021211176
6 19131213348
6 1301120510
6 1401120307
6 21071212634
6 21181214468
7 18010100368
7 1402310183
7 1202121400
7 21181214292
7 1501120539
7 3111397
7 21111212920
7 20021211047
7 18049200007
7 19011210036
7 17011210272
7 3121058
7 20159100065
7 20049200310
7 5111173
7 19021211022
7 20121213220
7 19031211603
7 17020120065
7 1401120287
7 19020700007
7 13030120094
7 17031211608
7 14030210013
8 19051212333
8 17041211755
8 1204122047
8 1005310276
8 20009100328
8 16130120138
8 14130140358
8 18151213123
8 20009100065
8 3111347
8 2121005
8 19091212751
8 20041211825
8 9081110172
9 20021210744
9 1504110244
9 18130500047
9 20009100767
9 1501120011
9 17170120022
9 8125004
9 3111028
9 13040510016
9 1111105
9 17061212295
9 1702110035
9 20181213892
9 1201120392
9 21031211719
10 3111267
10 1402121187
10 17031211699
10 20009101933
10 17010520033
10 1203121524
10 1121048
10 17030410037
10 14122145
10 1601120276
10 20021211106
10 15030130052
10 18021210817
10 17050120088
10 17050110026
10 17011210485
10 21011210606
10 21041211895
10 21041211916
10 18021210600
10 13030110064
10 13030130077
10 20021210993
10 14112115
10 18140200109
10 18011210307
10 13060210015
10 21181214148
10 19200300028
10 19091212734
10 18111212467
10 18011210254
10 1501120083
10 2121460
11 20181213864
11 21021211184
11 20200340007
11 1603121709
11 21181214426
11 1201120329
11 21171110172
11 21011210005
11 1202120741
11 4114049
12 20021110047
12 4114036
12 1013110249
12 1211110305
12 1614123099
13 18200100009
13 14010140039
13 1611110324
13 17050120103
13 21021211324
13 18051211928
13 18111212791
13 13060910004
13 20181214234
13 14040410049
13 4121064
13 1121398
13 1603121501
13 1202120814
14 17121212889
14 13101086
14 14030130039
14 1402120780
15 21051212301
15 19180100071
15 17020510002
15 13020410011
15 15010110026
16 2121151
16 20181214080
16 17030110072
16 18031223537
16 1302121173
16 1402110181
16 19171213736
16 18041211785
16 21021210817
16 1302121192
16 21031211610
16 21051212192
16 2115142
16 1404121896
16 19071110088
16 17130110009
16 2113003
16 20111212888
16 1502121297
16 19040100011
17 14130130263
17 14130120173
17 1612123006
17 1504122100
18 1202121053
18 4123059
18 1403110050
18 17111223466
19 21011210528
19 1603121493
20 17111212683
20 1306122424
20 1510122529
20 17040310039
20 18021110201
20 20031211521
20 1402121506
20 18111210118
20 17141213054
21 17101223372
21 4113138
21 20021210812
21 1410122585
21 18090200013
