16 1487311
2 1510853
2 1511129
29 1489356
37 1510301
10 1510712
7 1510327
33 1510862
4 1511410
2 1511246
9 1510403
2 1511803
20 1474398
38 1511402
14 1510586
4 1511141
2 1472003
20 1510342
18 1507642
10 1511148
58 1510332
10 1510628
4 1511756
42 1510768
6 1511564
3 1506182
27 1511430
2 1494652
10 1508815
13 1509344
16 1503505
3 1511358
9 1510508
10 1472938
16 1474962
34 1511366
1 1511197
10 1510781
2 1511205
2 1510998
35 1511177
19 1511753
4 1511477
51 1511491
11 1510935
33 1510957
16 1511469
14 1510674
2 1504902
15 1511597
14 1506304
10 1511537
2 1508587
10 1511446
10 1497787
10 1510846
36 1510834
19 1511136
2 1473554
11 1510757
34 1510708
9 1510656
18 1509541
2 1489199
58 1511115
11 1511555
28 1510570
27 1511393
23 1511553
2 1509951
62 1493331
56 1511396
47 1511014
10 1510738
14 1510486
2 1510463
7 1504072
20 1510203
34 1510883
20 1505374
4 1510683
3 1506524
36 1500263
12 1510937
20 1510725
34 1510165
41 1507015
29 1510505
11 1510483
41 1510647
10 1511797
19 1483898
68 1505996
68 1510124
13 1494648
13 1511255
28 1511704
46 1473595
34 1489433
4 1503185
14 1503038
21 1511554
6 1511453
11 1510758
26 1482315
10 1489422
33 1507479
14 1507856
13 1510554
36 1510575
13 1497788
16 1511645
4 1496139
11 1489924
4 1509960
9 1483258
10 1510727
14 1511788
10 1510517
16 1511220
10 1511708
22 1510261
13 1510267
38 1511248
18 1511403
65 1505293
16 1510898
13 1511025
41 1510316
19 1511092
6 1479950
9 1511676
27 1510475
10 1507764
14 1493984
16 1482279
16 1511657
14 1511173
27 1510268
10 1511284
18 1511747
14 1511476
4 1510994
51 1505485
34 1511058
10 1511355
14 1510221
18 1510249
27 1510211
7 1510678
7 1510452
2 1511561
4 1510590
39 1511349
1 1511503
10 1473614
10 1511416
16 1511423
65 1510878
65 1511541
14 1494745
5 1504449
14 1494591
2 1511056
3 1480911
14 1510592
4 1499848
2 1510312
25 1479946
14 1482275
63 1511314
54 1511346
21 1511128
2 1510341
7 1511068
2 1510792
16 1511383
20 1511100
41 1476466
4 1511425
2 1511448
9 1491215
4 1511392
25 1503756
2 1511439
2 1511535
21 1511070
9 1511387
9 1502980
17 1510740
36 1504058
40 1505080
6 1474967
3 1507402
29 1511221
6 1510835
57 1489425
11 1511470
23 1496579
2 1490749
29 1498426
56 1510228
7 1510607
9 1510815
4 1511587
58 1511315
38 1510497
20 1509956
11 1511515
16 1510923
47 1510658
35 1511736
62 1510277
23 1510224
29 1482280
4 1511480
22 1510567
6 1510697
7 1510790
29 1474374
34 1503075
1 1479515
2 1511691
20 1510144
17 1511513
2 1511011
33 1510364
14 1498100
65 1511345
13 1483335
2 1511273
4 1510604
21 1510618
13 1510813
14 1508377
16 1511140
11 1511209
7 1508832
10 1511267
6 1495851
4 1510393
22 1511078
40 1510093
28 1507095
10 1510090
4 1503578
10 1497020
23 1510629
18 1504680
27 1510728
4 1508711
29 1510652
2 1511004
27 1511339
27 1497781
54 1511361
3 1497636
65 1511781
2 1510794
2 1510433
47 1511574
9 1510445
4 1510891
4 1481207
41 1510435
28 1509044
6 1510739
4 1510320
14 1510270
4 1508501
20 1511395
13 1506379
4 1511085
9 1511052
57 1510912
4 1510103
2 1508812
16 1485829
16 1510309
8 1511081
7 1510577
27 1510941
14 1510997
19 1489399
3 1511195
42 1511243
64 1511124
9 1510443
17 1510150
4 1511420
4 1510662
4 1510885
17 1510788
4 1511743
51 1510540
16 1498327
28 1511347
4 1511452
19 1511191
13 1511556
57 1510215
18 1497016
10 1510446
4 1510218
20 1507020
4 1510001
3 1508375
9 1511172
6 1511300
11 1504506
6 1511242
2 1510100
66 1510710
3 1510588
21 1510762
14 1487828
2 1511732
9 1511722
6 1510520
15 1510315
10 1511095
20 1511251
20 1510803
19 1494850
2 1510969
4 1502993
9 1491618
20 1510975
6 1510818
26 1510777
3 1510687
3 1511502
9 1507833
11 1507014
4 1511227
29 1511357
16 1504260
2 1498428
2 1511619
2 1511731
18 1511485
1 1511717
2 1497010
3 1489406
4 1511179
34 1511312
14 1510619
46 1508590
14 1507163
4 1510625
11 1509538
27 1511533
19 1510323
9 1511335
14 1509505
13 1499117
27 1510867
44 1510188
2 1510877
2 1487310
4 1510265
2 1510170
43 1511754
30 1499959
4 1511035
13 1498223
14 1510305
10 1511109
20 1508609
11 1511618
33 1511127
11 1479936
11 1506803
19 1511394
2 1510281
8 1510263
50 1511557
7 1510753
27 1510504
36 1511748
64 1511207
64 1511569
2 1496589
38 1510722
36 1481204
4 1508699
10 1511518
29 1510915
21 1486007
3 1505880
13 1479938
54 1510190
54 1511529
65 1510870
13 1507404
13 1511664
7 1511380
6 1510811
13 1504507
20 1494647
13 1480921
4 1510609
33 1511305
42 1511012
13 1510110
13 1511654
11 1510195
56 1507733
3 1511725
68 1511405
20 1479942
2 1499795
65 1476467
9 1507019
16 1481686
21 1510951
10 1481277
21 1510612
3 1497019
31 1510303
45 1486008
24 1505360
7 1511531
57 1510245
29 1510250
23 1502986
10 1510278
14 1510164
15 1507636
10 1511629
11 1511712
56 1510175
6 1507643
4 1507763
11 1510439
62 1494256
27 1511043
33 1511263
2 1507982
27 1510874
13 1511281
29 1511218
14 1511030
7 1483463
10 1510390
14 1510934
14 1511626
22 1511734
16 1497637
12 1506901
11 1472695
33 1510440
2 1511588
4 1483472
4 1504454
27 1485999
65 1511158
14 1507008
65 1508735
11 1510128
20 1511609
3 1511454
62 1511116
2 1511365
14 1507644
2 1511701
10 1494555
4 1492725
2 1508716
21 1511573
29 1510244
20 1510910
44 1511320
4 1510083
2 1511270
7 1503470
14 1511703
10 1510854
14 1489424
2 1502985
38 1505273
14 1510338
2 1510009
3 1511297
6 1511636
9 1511678
3 1494594
13 1511224
37 1511017
6 1473078
3 1511771
12 1510549
2 1510603
2 1511087
6 1499963
6 1509707
57 1510675
4 1511034
2 1510649
22 1509540
21 1510684
4 1511249
13 1511018
3 1504678
15 1478103
10 1511673
9 1511375
17 1511214
9 1510556
2 1502917
4 1510899
11 1499503
10 1511194
4 1511755
19 1496588
18 1482274
11 1511801
11 1472725
2 1489912
9 1511283
2 1511586
4 1510648
17 1511359
37 1503662
31 1499712
31 1511779
33 1489438
6 1510749
20 1510574
2 1507931
16 1508692
16 1511601
9 1510225
20 1486058
27 1510831
11 1510511
55 1511700
26 1496132
26 1511545
33 1511723
41 1505092
10 1510097
28 1511007
4 1485724
64 1510741
4 1510291
12 1511765
3 1510713
10 1511360
25 1511660
4 1511175
27 1511585
4 1510869
4 1510363
29 1510382
6 1511714
37 1511215
34 1496460
14 1510348
16 1510822
41 1510949
22 1511302
41 1511264
10 1508691
51 1481178
27 1510829
10 1511135
33 1510344
2 1511185
36 1511728
7 1510271
14 1510106
10 1493973
32 1510657
11 1510279
2 1510227
40 1472783
18 1510292
2 1510776
42 1487315
24 1511599
40 1504127
7 1509005
11 1492724
10 1511758
50 1489450
7 1494593
27 1509711
4 1511495
15 1501760
47 1510112
2 1494854
10 1510676
4 1498427
6 1511065
2 1485264
13 1497021
4 1510573
58 1484116
2 1510914
9 1511628
9 1510259
12 1510826
14 1508320
4 1510660
10 1508834
15 1507012
7 1511074
11 1510980
2 1511580
29 1510984
32 1511326
2 1511759
10 1511672
22 1492378
10 1479144
2 1510785
58 1486006
22 1510879
22 1510646
10 1510351
10 1511598
59 1510460
33 1510222
29 1508940
14 1511131
23 1510034
66 1510716
4 1511240
3 1507031
11 1511805
6 1511559
29 1498423
2 1510161
56 1510632
10 1503452
38 1511698
4 1479511
19 1511421
2 1510451
65 1494498
43 1511776
22 1510422
44 1510469
10 1510805
36 1507224
53 1478097
19 1510253
6 1511479
10 1511028
11 1489913
10 1510775
20 1511298
2 1510760
2 1511602
2 1511710
20 1510459
13 1507225
13 1510255
63 1495184
27 1510771
31 1510094
29 1510643
42 1510650
21 1508936
2 1511390
4 1511157
15 1510367
10 1510977
42 1510732
14 1509552
32 1510008
2 1507988
56 1511483
29 1510572
29 1510163
14 1510907
39 1510686
20 1510113
20 1511057
20 1510455
32 1510814
17 1510048
36 1510918
13 1511096
2 1511697
4 1511796
33 1511578
2 1510284
2 1511337
10 1510031
22 1508941
14 1511226
9 1491621
16 1491230
21 1511814
3 1483913
2 1509056
3 1480915
17 1489914
14 1510920
16 1511279
14 1508394
2 1503564
9 1510387
12 1486011
10 1510911
2 1495095
2 1511542
10 1510415
4 1510642
14 1511549
12 1489427
10 1510204
29 1499796
4 1511301
9 1505495
10 1508718
10 1510381
4 1490072
2 1511671
10 1511098
6 1511000
10 1499785
10 1511324
11 1510959
4 1511119
14 1511282
19 1511336
6 1481636
4 1495892
10 1511789
34 1510461
9 1510704
23 1511389
22 1481273
27 1511186
20 1511615
37 1510146
37 1502701
3 1510931
27 1507013
4 1511102
11 1508100
10 1507647
10 1510149
11 1511042
18 1510764
22 1510251
11 1511310
6 1510613
16 1510045
10 1508606
16 1507207
9 1510395
75 1510936
27 1508884
2 1510313
10 1510428
66 1510797
37 1481637
9 1511497
4 1503674
4 1499736
2 1494650
21 1510806
11 1481103
13 1510197
19 1511008
38 1511590
46 1510795
20 1508104
29 1511443
4 1510547
10 1510462
4 1510037
11 1511792
44 1483901
14 1507581
14 1510379
2 1510129
10 1510340
9 1511751
66 1511411
11 1510605
4 1511632
4 1511520
61 1476953
61 1510929
10 1510492
33 1510474
2 1511316
2 1511668
2 1510471
2 1506898
10 1511487
29 1509928
13 1510979
46 1511551
14 1511677
10 1510494
64 1509997
18 1489447
11 1511451
36 1511707
35 1510501
2 1511783
37 1511428
10 1511121
13 1510296
10 1511581
2 1511162
13 1510698
20 1511475
10 1510155
2 1507987
4 1511501
11 1496133
4 1486003
11 1483899
14 1510441
20 1511693
29 1510205
8 1511138
14 1480916
2 1511426
36 1510844
11 1510464
14 1511397
20 1504128
14 1511239
14 1508676
14 1495699
9 1511280
33 1510105
33 1511611
2 1511720
36 1510431
4 1507226
36 1485248
14 1511354
37 1510183
4 1490074
33 1495182
19 1511106
14 1483357
27 1511617
4 1510680
4 1511159
37 1510562
41 1510191
41 1510858
14 1510992
4 1511719
3 1511133
3 1496502
3 1511511
27 1481206
60 1509953
27 1478166
2 1510491
7 1510096
14 1510765
2 1510905
3 1510427
11 1510664
10 1495737
31 1510925
27 1507232
13 1510092
4 1510703
66 1510852
46 1511111
35 1510585
11 1511331
77 1481638
2 1511646
23 1510402
4 1479937
33 1510824
83 1510099
14 1510514
7 1511675
4 1507480
4 1511450
9 1510187
14 1511244
10 1510778
2 1510919
42 1504450
11 1503794
7 1506129
14 1510789
2 1498429
46 1510848
46 1511800
12 1506906
10 1499857
10 1497017
10 1511412
42 1483500
4 1511540
4 1510247
9 1504173
27 1510673
40 1511500
2 1511784
10 1511294
10 1510273
2 1511132
7 1511486
4 1510627
29 1511536
38 1510194
56 1509343
65 1511369
2 1509949
9 1504906
9 1511770
10 1510391
14 1510779
14 1481106
10 1511080
52 1498599
2 1486010
10 1510107
19 1505738
77 1510639
36 1510924
10 1506176
18 1476923
10 1479943
3 1510576
2 1493844
10 1510947
26 1510729
14 1474385
4 1510049
14 1509213
12 1510906
33 1511047
34 1511473
4 1510973
38 1496138
13 1483267
2 1502739
17 1510180
2 1510437
10 1511258
29 1508813
20 1497009
2 1511269
2 1510743
2 1509754
2 1510720
10 1494556
3 1510733
14 1510044
14 1510534
19 1502468
19 1511807
36 1511288
10 1510119
37 1511230
11 1510621
14 1507482
31 1495891
52 1510560
27 1510448
9 1511292
20 1510060
14 1511459
33 1510545
19 1510908
19 1511622
20 1511199
16 1502813
2 1510384
61 1508708
2 1510875
11 1495472
13 1510723
10 1486193
9 1504903
34 1511285
48 1511401
19 1511388
34 1497018
10 1510887
22 1486004
45 1510640
11 1511137
14 1498317
14 1506383
64 1472775
13 1511414
10 1511278
10 1507639
10 1511262
6 1489411
10 1510961
14 1510134
10 1510318
56 1510130
3 1510158
7 1510206
28 1498101
14 1511490
3 1511741
10 1511113
14 1511415
3 1481866
13 1510793
6 1511644
51 1510982
20 1511724
4 1510285
35 1505331
38 1511761
75 1485830
70 1507766
66 1511123
24 1510943
77 1511029
85 1499707
79 1503490
75 1510539
75 1510897
4 1511003
4 1511716
11 1510886
10 1510583
21 1510608
43 1510807
56 1510142
30 1506183
84 1509372
14 1511445
85 1508675
85 1510138
77 1510184
77 1489066
79 1510345
77 1511290
20 1482034
75 1511330
85 1511296
67 1511192
75 1510847
55 1507091
2 1511272
14 1510199
14 1510405
70 1511793
78 1511099
56 1511276
2 1510850
46 1511125
9 1506184
77 1511181
77 1490073
10 1511686
70 1511575
85 1510688
77 1511049
79 1510200
85 1508831
30 1510294
4 1482965
77 1510467
77 1504745
70 1510589
11 1511787
39 1507938
77 1511764
79 1486001
78 1511523
77 1510006
30 1489915
79 1511010
10 1511328
70 1510404
2 1511144
85 1509575
77 1510798
48 1511311
10 1483337
2 1511051
85 1510319
2 1510457
85 1510042
75 1510500
79 1479482
70 1510185
75 1510956
79 1496131
41 1510425
2 1473608
13 1507472
10 1510356
78 1510550
77 1510964
48 1510717
79 1510838
82 1511596
12 1510671
14 1511482
77 1510569
30 1511467
75 1490075
75 1508829
16 1489402
10 1510991
10 1511424
79 1489431
2 1511256
77 1510326
18 1499120
9 1511571
20 1510368
83 1510519
28 1503758
30 1482860
75 1511547
70 1499847
67 1511287
77 1500097
34 1510842
79 1511077
71 1510581
75 1510007
70 1510051
2 1511630
18 1510783
16 1511593
71 1489440
71 1509547
11 1510602
2 1503485
79 1498603
85 1508830
63 1510421
4 1483495
2 1510081
11 1509957
11 1511193
75 1511044
47 1510958
70 1511550
85 1504021
3 1495180
27 1511286
34 1484118
34 1494554
10 1489435
26 1510117
30 1472774
79 1511655
10 1482861
75 1510493
85 1507030
79 1493368
75 1510143
78 1511204
30 1497011
68 1493980
68 1510709
10 1510157
85 1511607
30 1510258
66 1511548
75 1510237
85 1510274
81 1511774
85 1486009
85 1492377
85 1478170
77 1511101
78 1505993
30 1503491
67 1510507
46 1511247
30 1511604
79 1510986
75 1503450
78 1510179
85 1510430
75 1510721
77 1508938
77 1510131
67 1511543
70 1474875
49 1510217
75 1511036
77 1510478
75 1507942
70 1511343
79 1481688
66 1503186
77 1511627
14 1503492
85 1507939
77 1508833
75 1510120
71 1510383
71 1511772
79 1510050
75 1511526
30 1510546
78 1510335
78 1511064
67 1503671
77 1510699
77 1510670
30 1485998
14 1510808
30 1510262
79 1511223
79 1511463
77 1511342
47 1511478
83 1511155
78 1511050
24 1510416
79 1510141
75 1511808
30 1511071
77 1511685
77 1510346
77 1511810
79 1510167
30 1481696
30 1499115
30 1494653
83 1506798
79 1511108
30 1511083
75 1499773
10 1510476
67 1510353
71 1510932
77 1507481
79 1485831
79 1511088
77 1508608
79 1508713
77 1510432
77 1495700
49 1511398
49 1511391
4 1511438
79 1511740
77 1510317
77 1510769
83 1494649
49 1511413
79 1511170
77 1511382
83 1506527
77 1511408
77 1511053
77 1509582
77 1496582
71 1511041
71 1508322
70 1511149
75 1511417
70 1502271
70 1510787
70 1510350
70 1510456
70 1511235
70 1491613
70 1474462
70 1510502
70 1510252
70 1510160
70 1508607
70 1511422
44 1510696
41 1511166
66 1509950
24 1511203
47 1489917
24 1509006
30 1510118
30 1511521
81 1511112
80 1509699
30 1506784
48 1508376
73 1510819
30 1510148
30 1505471
30 1511534
30 1503039
25 1510694
2 1499779
83 1511006
80 1511795
44 1507475
67 1503073
3 1494255
67 1510472
67 1510622
67 1511174
81 1511519
83 1510095
78 1480914
70 1510909
84 1509994
47 1511271
80 1511468
75 1511245
10 1496134
10 1511659
10 1499854
10 1511295
75 1510223
75 1508046
75 1511019
74 1510773
85 1510487
85 1510465
85 1511340
79 1510159
79 1511589
79 1507165
79 1511045
79 1510287
79 1510791
79 1510236
22 1510126
2 1510799
13 1510216
18 1511210
9 1510796
30 1511750
77 1510510
70 1490076
70 1510280
48 1511620
49 1506632
84 1511005
55 1510809
84 1511696
84 1489910
49 1496975
49 1494595
30 1511811
28 1510974
30 1510234
15 1510593
29 1511038
7 1503468
78 1511196
78 1509214
67 1511455
78 1510938
67 1511229
67 1511563
67 1485253
78 1510895
78 1510638
78 1511122
67 1511524
78 1511785
11 1511327
13 1473621
60 1511363
83 1510490
13 1510482
85 1511517
85 1510672
85 1486240
85 1499085
85 1495873
85 1511187
85 1474784
85 1511259
75 1510196
14 1511595
77 1510882
2 1510076
75 1511651
75 1510668
75 1508503
11 1510553
4 1483594
75 1487313
75 1510108
75 1507989
75 1510724
2 1511024
75 1510343
9 1501758
77 1510499
9 1504453
77 1510409
77 1510109
75 1511063
75 1511344
79 1510389
42 1487312
56 1510851
85 1474375
85 1510861
79 1510845
75 1510485
75 1494106
75 1510361
2 1511073
79 1506381
2 1474370
4 1510186
85 1507488
85 1508943
85 1511093
85 1511496
75 1510972
75 1482012
85 1505295
85 1510825
85 1498014
85 1511319
85 1508505
42 1510645
85 1493972
85 1510719
77 1506306
77 1497785
77 1510538
77 1510302
77 1509506
77 1510999
77 1510541
77 1505054
77 1511261
79 1510299
79 1510295
77 1510872
79 1494651
77 1506801
79 1507345
77 1510526
77 1510325
79 1510386
95 1478165
95 1504744
111 1495412
10 1504258
75 1511652
95 1510922
106 1506307
99 1499858
102 1510596
13 1511031
108 1510745
131 1510782
10 1511666
45 1511458
135 1507580
95 1502186
141 1510620
136 1510331
95 1497783
142 1511633
92 1505790
103 1511180
95 1511069
97 1510996
94 1510970
106 1510152
99 1510889
103 1511376
103 1511462
152 1479945
116 1511527
99 1510377
101 1511665
93 1510597
103 1510747
97 1510881
95 1504076
93 1486242
130 1511241
16 1511616
99 1486201
94 1511488
90 1510945
106 1511372
16 1502268
91 1504083
106 1495945
106 1511309
164 1511228
16 1510802
101 1511219
95 1505361
99 1511103
119 1493367
142 1511726
98 1503661
108 1510615
143 1489412
106 1502269
103 1511612
16 1511037
93 1499704
107 1506302
107 1511002
185 1511752
95 1511338
89 1511404
107 1510804
199 1510444
90 1510479
87 1510174
92 1511695
88 1510458
116 1510537
89 1487770
97 1510521
87 1474366
95 1510952
87 1511565
95 1506380
149 1507640
114 1510894
103 1510398
16 1510209
106 1504059
16 1511189
95 1478168
103 1504679
107 1510926
111 1510630
93 1511437
100 1509985
89 1511333
89 1510370
95 1511583
92 1510239
95 1486000
148 1510988
106 1511161
113 1510735
10 1511525
155 1510418
95 1506521
194 1510365
115 1506071
130 1481205
152 1511530
104 1511653
95 1510780
95 1510528
90 1486203
152 1510677
104 1483191
216 1510863
115 1511552
106 1510744
89 1510948
93 1510784
90 1481687
90 1510873
220 1497635
106 1510616
106 1510917
116 1510655
94 1511640
87 1485249
224 1510397
103 1510419
112 1487769
142 1498011
99 1509342
99 1511351
130 1510810
99 1511625
97 1510354
137 1474367
99 1510746
107 1511075
113 1509171
99 1507859
16 1489430
16 1510137
103 1510939
95 1510310
116 1510623
136 1511212
99 1495372
124 1511681
102 1499846
95 1510156
142 1511130
92 1510617
95 1511504
90 1473603
75 1511505
99 1511090
99 1483781
99 1510967
136 1511237
130 1510290
13 1491564
92 1511447
89 1503408
153 1510070
101 1510171
90 1508810
95 1510987
125 1489410
99 1507027
105 1511061
191 1510523
164 1510927
99 1511746
137 1510420
95 1510300
16 1510139
95 1474364
164 1489403
97 1506806
100 1510059
99 1510659
101 1511516
116 1510207
100 1510477
106 1503040
95 1510828
95 1510010
12 1479509
116 1505489
95 1511733
107 1511216
94 1509954
141 1510181
99 1489361
124 1508574
128 1511206
95 1511374
142 1511236
218 1511522
146 1497634
90 1510718
106 1510360
95 1511641
93 1511809
93 1510833
131 1511353
99 1510928
113 1498099
114 1510266
102 1511400
16 1510380
99 1511768
92 1511200
89 1484114
95 1507119
179 1511066
220 1494706
105 1510530
188 1510669
124 1511702
101 1489405
213 1505053
89 1510047
99 1511039
93 1511649
227 1496900
95 1511715
99 1510542
151 1511001
104 1510543
94 1510066
175 1510453
137 1510641
94 1507857
95 1510591
92 1511727
94 1506523
122 1511168
107 1511471
92 1510985
100 1481269
100 1510410
90 1510563
249 1507976
250 1510358
119 1508319
119 1511610
92 1510942
10 1511432
192 1509218
95 1489401
87 1510123
153 1510533
91 1510946
130 1511171
87 1507220
95 1510827
98 1507222
92 1506378
101 1510856
107 1506351
189 1511507
189 1511508
124 1510551
129 1509948
103 1511356
93 1510357
133 1510705
141 1511154
98 1511498
89 1511054
94 1511472
166 1489918
90 1510330
95 1503489
216 1491625
58 1510516
95 1511711
160 1511804
16 1506006
89 1510133
89 1510823
113 1510298
142 1499771
94 1510104
95 1510761
97 1510132
101 1511399
103 1494851
92 1511763
254 1510535
101 1511687
98 1510900
191 1510256
91 1486005
106 1508866
210 1511713
102 1510373
89 1511613
58 1511117
137 1510584
95 1498424
95 1510960
146 1511026
106 1510983
136 1496467
99 1511373
114 1510488
108 1510682
226 1511291
143 1511265
94 1510841
116 1511506
89 1499086
16 1489409
75 1502272
75 1510324
87 1511492
95 1505994
95 1511786
110 1499116
194 1510311
146 1511656
10 1510498
16 1510896
93 1503454
89 1511318
146 1506312
99 1511040
107 1510177
103 1511705
95 1478971
114 1507927
137 1510178
94 1504901
182 1509537
182 1510230
137 1474378
138 1510890
89 1510489
175 1510759
104 1510376
106 1511658
58 1511738
99 1474387
103 1510214
133 1481639
90 1511544
106 1510651
97 1510770
89 1511493
90 1510990
94 1489423
94 1511386
90 1510880
151 1510235
151 1511460
218 1510436
116 1510631
159 1511362
16 1510438
87 1510557
104 1511584
107 1511684
95 1511322
95 1502273
167 1510127
95 1498425
119 1511489
94 1510062
10 1510366
138 1507353
118 1511027
175 1510561
95 1510449
95 1485826
99 1511562
116 1510700
87 1498422
194 1511350
89 1511165
14 1509220
97 1484274
95 1502412
95 1510902
179 1510264
99 1510884
99 1508603
259 1510450
106 1511433
174 1495480
103 1510413
103 1510913
103 1483465
163 1478173
114 1504942
114 1497399
95 1509339
90 1479951
94 1485802
122 1510748
100 1510004
100 1511773
89 1510212
93 1511749
145 1507582
93 1510307
101 1510876
106 1511663
161 1472689
106 1511739
89 1497022
16 1510916
92 1506038
99 1511806
10 1488830
91 1510412
99 1495471
188 1510355
266 1484936
16 1510633
90 1510232
95 1510702
162 1503469
89 1510529
89 1496118
102 1510229
92 1510665
13 1507093
100 1510411
95 1510424
95 1511055
45 1509341
16 1489404
116 1510714
10 1511009
130 1495179
181 1510334
97 1511091
194 1479941
92 1510690
107 1508701
97 1509574
222 1510614
95 1510976
95 1510210
98 1511514
93 1511591
87 1511086
99 1511683
173 1511742
134 1510033
187 1510166
10 1511104
101 1510385
101 1509153
113 1511015
175 1511188
91 1511105
164 1510308
92 1510580
113 1510750
90 1507737
103 1507071
137 1501774
106 1478970
120 1508321
102 1489415
133 1483900
99 1510116
92 1489408
95 1510962
126 1510322
103 1511494
223 1472007
100 1510336
90 1511631
95 1505492
194 1510388
108 1510069
103 1483496
93 1510954
113 1497654
99 1510944
94 1511465
132 1510275
87 1504122
194 1511532
99 1510074
99 1491627
264 1511680
10 1511329
92 1511603
137 1484161
97 1510599
158 1507641
113 1508318
160 1502267
124 1510691
96 1510426
103 1510950
95 1510378
100 1511139
98 1511730
87 1511621
99 1498596
106 1511160
106 1511642
87 1510801
102 1503453
101 1509536
92 1510061
106 1503873
103 1511718
95 1489414
132 1510329
95 1508317
95 1510857
116 1505472
91 1510600
120 1473088
10 1503451
107 1510454
113 1510122
152 1511107
152 1511706
107 1511729
91 1510859
119 1487314
200 1487771
106 1510495
89 1511277
115 1506382
100 1511775
146 1485828
94 1509659
16 1489436
194 1511377
116 1510098
97 1509683
112 1499726
100 1489921
97 1510558
58 1497782
95 1509004
89 1511169
137 1478100
137 1511709
93 1494399
95 1511440
89 1511735
100 1510594
103 1506795
117 1511076
107 1511799
95 1510963
152 1510730
95 1510396
117 1511639
95 1507842
103 1511150
191 1510752
191 1511744
189 1511762
107 1507646
101 1510314
100 1511352
103 1501854
101 1510855
95 1501079
94 1511682
75 1502265
101 1510162
194 1510111
99 1510582
99 1474363
153 1499705
99 1505324
125 1511059
95 1510636
10 1510654
115 1510840
99 1510480
87 1510595
96 1511253
89 1511721
103 1495414
124 1510347
103 1504900
92 1511110
134 1506305
92 1510839
151 1511661
103 1511033
152 1508882
144 1510564
100 1511568
92 1510172
91 1511020
97 1510496
100 1510871
188 1494592
188 1510248
106 1511201
92 1496581
95 1510145
103 1510820
75 1510193
95 1511427
174 1499784
124 1510864
99 1511082
95 1495874
99 1510837
97 1510816
106 1511667
91 1511021
94 1511325
102 1507211
102 1510679
16 1510571
111 1484984
126 1479935
89 1509706
89 1511334
108 1510400
198 1511624
101 1510930
95 1510011
99 1510176
93 1510018
286 1510136
101 1510082
99 1511449
98 1510219
162 1511306
129 1510706
87 1506785
246 1507094
94 1510101
123 1511211
144 1472779
99 1510359
10 1496136
192 1509929
93 1510971
107 1510328
95 1510182
189 1504907
99 1511178
99 1511142
96 1511509
99 1479940
91 1511791
165 1511313
107 1504124
92 1478098
110 1511151
103 1510893
94 1508717
101 1492723
90 1496584
10 1511690
141 1511538
96 1511289
101 1510701
101 1510208
94 1510333
218 1494705
99 1484978
103 1511198
99 1474969
100 1509539
116 1502261
116 1510695
173 1510830
95 1499793
175 1507212
94 1507011
101 1510742
95 1508605
106 1511606
95 1510836
246 1510067
89 1489822
144 1509990
101 1511699
101 1489919
199 1504463
104 1497468
107 1511798
95 1503493
179 1510754
96 1511367
94 1510233
89 1506303
87 1511368
87 1511341
101 1510965
101 1505322
95 1510349
92 1511692
117 1511637
153 1511546
95 1500099
113 1510231
99 1510077
12 1481278
90 1510276
172 1504064
10 1511094
99 1504060
194 1511435
102 1510140
195 1483209
94 1476918
95 1510531
95 1510763
130 1511293
100 1511275
137 1511254
101 1511757
107 1509221
89 1495852
173 1511528
218 1511079
95 1510372
101 1510587
110 1510552
103 1511222
214 1511323
228 1510849
89 1499118
93 1510473
95 1510189
89 1510198
89 1510663
91 1510525
93 1511032
99 1496119
94 1511499
88 1483192
99 1511512
103 1511790
123 1496501
172 1499792
95 1508814
103 1511089
95 1503683
94 1487386
116 1494734
100 1511274
95 1508700
58 1511348
90 1507474
143 1511444
95 1511364
94 1511769
125 1511167
173 1511623
10 1511118
136 1511674
92 1511688
114 1511777
87 1510532
90 1510091
108 1511182
130 1510940
144 1510860
90 1510715
115 1511184
101 1508944
99 1506522
103 1506799
110 1510394
107 1511481
258 1479934
142 1511013
133 1510772
101 1511147
101 1511062
124 1507645
10 1510337
101 1511163
216 1510246
107 1510447
137 1509952
90 1509966
10 1510598
101 1511737
89 1511694
97 1474369
130 1489069
90 1510414
163 1511143
89 1502182
113 1493971
90 1511385
137 1503757
111 1510921
155 1511233
97 1509057
95 1511647
120 1511156
101 1498421
92 1503466
156 1511650
16 1503876
119 1511153
90 1511146
91 1493332
99 1510293
95 1510568
106 1510611
99 1498609
90 1510736
106 1498591
16 1510527
100 1499709
99 1510168
101 1510832
151 1508602
103 1485251
137 1510635
92 1511567
116 1499856
156 1503759
103 1486197
94 1474778
146 1507542
110 1511434
92 1510192
92 1511648
95 1506805
45 1510468
110 1507579
95 1505992
151 1511608
92 1509935
89 1510406
112 1511441
95 1510515
210 1510933
99 1483915
101 1498222
223 1510269
93 1510484
87 1510536
196 1484587
102 1510114
94 1510374
125 1507935
150 1510512
99 1511605
95 1510297
99 1504904
237 1472699
237 1510692
89 1510407
89 1510555
113 1510470
16 1510524
159 1510481
90 1510817
165 1511474
93 1511456
91 1511208
126 1511176
99 1489359
177 1507812
92 1510371
94 1510072
75 1510513
103 1511384
95 1496503
75 1510812
220 1510154
113 1504911
95 1498133
95 1507029
124 1510339
87 1510892
113 1511046
101 1510362
102 1489413
111 1479939
137 1511794
143 1511022
95 1507164
97 1481196
194 1510260
96 1510634
100 1507738
45 1510626
100 1495701
194 1510503
90 1510901
198 1511614
45 1506756
91 1511072
100 1510865
101 1510169
103 1510888
153 1510624
107 1498013
93 1507941
100 1510399
156 1511442
103 1510981
108 1510774
140 1510375
100 1506467
102 1510843
133 1503074
106 1504067
115 1510518
120 1510989
92 1511634
97 1511308
101 1510288
150 1511379
179 1511114
10 1494712
101 1510147
151 1473091
103 1511067
89 1511466
194 1511371
124 1511669
132 1510306
94 1510579
143 1509877
101 1499702
89 1511594
105 1511539
165 1511461
130 1510737
101 1510606
133 1510767
115 1496586
115 1507215
140 1511572
103 1497885
205 1495990
115 1510153
101 1504254
140 1510417
93 1511592
168 1496130
102 1482278
99 1486239
103 1510226
124 1504168
100 1511419
95 1510408
99 1510257
99 1511577
94 1509998
133 1511152
101 1510868
106 1510238
99 1505719
101 1510978
101 1510903
137 1504455
108 1510151
89 1510289
90 1511431
102 1511232
93 1486002
101 1510000
103 1510689
113 1510601
91 1510578
111 1510565
10 1505274
10 1504909
92 1511812
92 1511217
58 1483462
95 1511576
164 1510135
164 1510653
95 1510953
16 1479842
137 1511016
127 1510766
127 1511766
137 1511370
106 1508592
189 1510201
99 1510685
92 1510102
103 1507231
99 1510786
136 1510466
103 1510282
89 1510821
89 1479514
182 1510401
149 1510084
93 1496506
13 1511679
106 1510506
118 1510283
124 1510115
181 1501078
128 1509548
103 1505473
95 1508710
204 1510243
189 1508807
89 1511023
89 1510121
92 1511048
95 1507346
125 1511600
12 1510078
99 1511780
107 1511225
104 1485357
27 1511464
99 1511802
136 1511304
104 1510173
97 1510993
89 1511332
94 1510522
93 1511299
99 1498594
182 1511183
94 1489443
188 1510352
101 1495848
216 1510392
238 1511407
10 1510304
75 1510666
182 1474371
93 1511745
95 1510548
95 1511120
95 1511231
10 1510693
160 1504019
16 1511760
108 1507736
87 1511317
87 1511190
101 1510423
99 1510756
99 1510995
137 1503566
189 1510559
94 1511566
115 1511635
107 1511238
75 1495413
116 1510254
114 1511484
107 1510644
98 1474466
94 1511303
93 1511429
126 1510369
106 1511134
104 1499855
234 1510968
99 1511560
16 1511457
183 1510429
10 1511558
103 1503409
99 1511670
90 1496505
95 1496117
167 1511321
175 1473075
75 1507525
91 1511510
16 1508604
99 1479947
218 1511418
90 1509551
164 1511643
94 1485256
97 1511689
99 1493976
115 1510321
100 1496461
8 1509219
220 1510286
95 1511638
101 1495876
98 1510075
153 1510731
220 1511084
106 1511436
116 1510711
231 1491980
107 1511813
94 1511570
117 1487768
182 1511378
94 1510681
99 1484115
92 1507669
103 1510125
108 1510610
237 1509978
237 1510434
93 1510661
100 1508102
103 1511145
173 1510667
99 1510751
101 1510955
95 1511579
113 1510755
106 1510442
91 1510866
89 1484934
10 1510637
98 1511307
90 1510220
137 1510272
95 1511164
95 1510046
181 1511767
103 1508671
119 1510509
99 1507092
58 1511126
93 1505483
120 1484496
104 1510041
101 1495567
10 1502274
105 1499774
97 1510202
95 1508811
101 1510904
156 1511582
10 1507937
96 1511778
94 1511381
103 1511213
119 1503184
13 1511782
133 1511234
133 1511662
104 1509989
