物理学 1
光学工程 2
电子信息 3
148007 4
116002 5
信息与通信工程 6
113001 7
通信工程(含宽带 8
电子科学与技术 9
新一代电子信息技 10
计算机科学与技术 11
104001 12
计算机技术 13
103036 14
103071 15
软件工程 16
103072 17
103073 18
103034 19
管理科学与工程 20
集成电路工程 21
生物医学工程 22
仪器科学与技术 23
机械 24
图书情报与档案管 25
数学 26
109006 27
109017 28
网络与信息安全 29
142010 30
148002 31
147002 32
106015 33
网络空间安全 34
军队指挥学 35
116009 36
107005 37
107004 38
104003 39
104002 40
142012 41
104005 42
102002 43
118003 44
115004 45
113007 46
102008 47
113006 48
109007 49
应用经济学 50
金融 51
102009 52
104006 53
控制科学与工程 54
工商管理 55
物流工程与管理 56
英语笔译 57
103010 58
102034 59
113052 60
147001 61
112018 62
102083 63
107025 64
材料科学与工程 65
113024 66
103033 67
115002 68
马克思主义理论 69
103035 70
103074 71
外国语言文学 72
114011 73
113011 74
113021 75
114005 76
116007 77
116008 78
116003 79
110006 80
116017 81
102010 82
115005 83
交通运输工程 84
118002 85
115006 86
109005 87
104007 88
106018 89
106013 90
106012 91
104008 92
106007 93
114002 94
112004 95
114004 96
103009 97
103011 98
113022 99
103012 100
109012 101
104016 102
102018 103
147007 104
103075 105
111007 106
148001 107
110004 108
106004 109
103039 110
110005 111
104012 112
147003 113
114006 114
147009 115
106016 116
146004 117
110011 118
104011 119
104009 120
102006 121
142001 122
108003 123
106011 124
106034 125
109022 126
103013 127
106010 128
应用统计 129
106008 130
111002 131
111006 132
102013 133
116006 134
102011 135
102036 136
103018 137
112005 138
102017 139
102012 140
信号与信息处理 141
公共管理 142
103003 143
103016 144
103040 145
103019 146
103014 147
143004 148
103001 149
118011 150
115033 151
电子封装 152
106009 153
111001 154
111003 155
113008 156
102089 157
106083 158
103004 159
143007 160
106014 161
103002 162
143001 163
109004 164
118010 165
103031 166
148006 167
109051 168
112002 169
143008 170
143002 171
113055 172
142013 173
142014 174
142002 175
143006 176
113023 177
143003 178
汉语言文学 179
通信工程 180
光电信息科学与工 181
材料与化工 182
通信工程（含宽带 183
142011 184
142018 185
102015 186
控制工程 187
102005 188
104015 189
107008 190
109018 191
信息工程 192
142017 193
107020 194
数字媒体技术 195
遥感科学与技术 196
102088 197
106002 198
106033 199
142006 200
142015 201
107002 202
107003 203
107024 204
106035 205
112001 206
107052 207
143005 208
112003 209
149001 210
142003 211
142004 212
142005 213
147008 214
116001 215
107022 216
智能科学与技术 217
148003 218
102090 219
118004 220
116016 221
人工智能 222
147005 223
111010 224
118012 225
102037 226
104004 227
104017 228
115007 229
147004 230
机械设计制造及其 231
探测制导与控制技 232
106019 233
网络工程 234
集成电路设计与集 235
109020 236
109021 237
104021 238
电子信息工程中法 239
104010 240
112006 241
113025 242
信息安全 243
142007 244
115010 245
电波传播与天线 246
电子信息科学与技 247
109008 248
物联网工程 249
105006 250
电子信息工程 251
空间信息与数字技 252
土木工程 253
建筑学 254
信息对抗技术 255
电磁场与无线技术 256
地球与空间科学 257
网络安全与执法 258
113017 259
城市地下空间工程 260
自动化 261
测绘工程 262
金融学 263
水利水电工程 264
105005 265
测控技术与仪器 266
工业设计 267
电气工程及其自动 268
电子封装技术 269
金属材料工程 270
安全防范工程 271
电子商务 272
微电子学与固体电 273
信息管理与信息系 274
工业工程 275
城市规划 276
光信息科学与技术 277
给水排水工程 278
模式识别与智能系 279
物理电子学 280
计算机应用技术 281
军事通信学 282
电路与系统 283
无线电物理 284
材料学 285
人力资源管理 286
测试计量技术及仪 287
机械电子工程 288
应用数学 289
光学 290
劳动与社会保障 291
材料物理与化学 292
电磁场与微波技术 293
计算机软件与理论 294
情报学 295
统计学 296
录音艺术 297
军事指挥 298
高等教育学 299
机械设计及理论 300
美学 301
检测技术与自动化 302
101001 303
★集成电路系统设 304
通信与信息系统 305
智能信息处理 306
机械制造及其自动 307
★智能信息处理 308
英语 309
行政管理 310
密码学 311
市场营销 312
计算机系统结构 313
控制理论与控制工 314
电子与通信工程 315
102068 316
日语 317
应用物理学 318
数学与应用数学 319
政治经济学 320
商务策划管理 321
信息与计算科学 322
应用化学 323
风景园林 324
军用材料工程 325
导航、制导与控制 326
环境科学 327
环境工程 328
人口、资源与环境 329
系统工程 330
军事 331
交通信息工程及控 332
凝聚态物理 333
电力电子与电力传 334
仪器仪表工程 335
物流工程 336
宗教学 337
国民经济学 338
思想政治教育 339
会计学 340
企业管理 341
体育教育训练学 342
英语语言文学 343
外国语言学及应用 344
图书馆学 345
技术经济及管理 346
计算数学 347
概率论与数理统计 348
运筹学与控制论 349
材料工程 350
等离子体物理 351
精密仪器及机械 352
电机与电器 353
机械工程 354
教育技术学 355
工程力学 356
★信息安全 357
100002 358
微电子科学与工程 359
生物信息科学与技 360
133001 361
■生物信息科学与 362
马克思主义基本原 363
生物技术 364
空间科学与技术 365
113014 366
080904 367
080703 368
信任管理与可信计 369
华北计算机系统工 370
公钥密码学与信息 371
光通信 372
光通信与光电信息 373
光载射频通信、光 374
光通信系统与网络 375
080901 376
080907 377
雷达信号处理 378
微波遥感成像技术 379
进化计算 380
智能信息/图像、 381
智能信号与图像处 382
3DTV关键技术 383
101006 384
遥感信息科学与技 385
电子侦察与干扰、 386
电子侦察阵列参数 387
信息对抗系统和技 388
117007 389
117059 390
电子机械科学与技 391
103062 392
结构与控制集成设 393
陶瓷产品设计研究 394
微电子学 395
神经生物信号处理 396
医学图像处理与分 397
生物医学电子学 398
模拟集成电路设计 399
集成电路系统设计 400
SOC设计与设计 401
非编码RNA调控 402
集成电路设计与系 403
VLSI设计及高 404
集成电路设计方法 405
混合信号电路与系 406
嵌入式设计与通信 407
射频集成电路设计 408
通信与功率系统集 409
建筑环境与设备工 410
建筑设施智能技术 411
产业经济学 412
哲学 413
080710 414
113010 415
113012 416
080701 417
080706 418
113028 419
080908 420
空间信息科学技术 421
109045 422
104038 423
102080 424
102078 425
102033 426
工程管理 427
120201 428
117011 429
117006 430
147012 431
080702 432
117008 433
080714 434
103017 435
机器人技术 436
080202 437
080301 438
101079 439
103087 440
航天工程 441
109025 442
080902 443
生物材料与细胞工 444
翻译 445
120202 446
112019 447
112007 448
112008 449
116038 450
101064 451
113013 452
113048 453
113049 454
113051 455
107038 456
102014 457
109024 458
101065 459
101090 460
082107 461
081202 462
102057 463
101070 464
113027 465
101066 466
080801 467
101086 468
105004 469
105002 470
109009 471
104022 472
080601 473
101208 474
101073 475
080205 476
080905 477
070101 478
教育哲学 479
110015 480
120103 481
120801 482
120701 483
130308 484
010101 485
106017 486
103060 487
101103 488
080712 489
070202 490
115013 491
101176 492
080401 493
080704 494
082103 495
118005 496
070802 497
082601 498
111011 499
050201 500
114017 501
116020 502
116005 503
113050 504
113038 505
070302 506
080903 507
115025 508
109032 509
109043 510
109014 511
109023 512
102073 513
104044 514
104036 515
104035 516
146005 517
104037 518
104039 519
102059 520
117013 521
147011 522
117050 523
117052 524
117054 525
147016 526
103043 527
103077 528
103078 529
103081 530
103079 531
103076 532
104043 533
116028 534
管理哲学 535
106070 536
106071 537
106056 538
106076 539
106072 540
112038 541
106075 542
117012 543
107045 544
116036 545
115021 546
111028 547
107044 548
107026 549
107007 550
107037 551
116037 552
113002 553
113044 554
115028 555
115029 556
环境科学与工程 557
102069 558
102075 559
102070 560
102074 561
105001 562
104042 563
102001 564
117002 565
117009 566
117057 567
117010 568
117027 569
103006 570
117053 571
103080 572
146003 573
114021 574
114001 575
110029 576
110001 577
106077 578
112030 579
107042 580
115027 581
118027 582
109042 583
115026 584
115001 585
109002 586
109048 587
102066 588
102067 589
113040 590
113042 591
146001 592
146002 593
电子与信息 594
117001 595
106001 596
117004 597
103064 598
103066 599
103063 600
102 601
118001 602
107001 603
116032 604
116029 605
110012 606
109001 607
115020 608
102032 609
体育学 610
117023 611
电气工程 612
光电信息工程 613
109013 614
111008 615
148005 616
148008 617
109016 618
103041 619
