1 18140200138
1 1210122598
1 21051212272
1 20069100038
1 2104049
1 20181214101
1 7124105
1 18071110358
1 3121354
1 13130188015
1 1601120034
1 1108110033
1 16030140071
1 19020100131
1 21021211305
1 111336
1 1201110100
1 20031211329
1 15140110104
1 19020100386
1 2121189
1 20009201386
1 1121445
1 18131212930
1 17041212012
1 19021210782
1 20031211438
1 21051212231
1 20049200228
1 21063222514
1 1201120380
1 1413122965
1 1410122598
1 16020310055
1 1301120358
1 1302120761
1 14050120039
1 13010510062
1 15130140405
1 20031211532
1 21021211176
1 1212122951
1 20051212247
1 1201120175
1 18011210091
1 2111352
1 17011210270
1 13010140102
1 17030130099
1 1201120534
1 20041212030
1 1121223
1 16030120053
1 18051211970
1 1207122479
1 19031211362
1 18030100368
1 2111249
1 20011210470
1 19020100164
1 1201120332
1 19080100024
1 20049200432
1 21041211866
1 1408122508
1 1503121509
1 4121136
1 807121568
1 5113009
1 21011210071
1 1301120543
1 18111110366
1 20009200106
1 17021223255
1 1601120416
1 1202120851
1 1501120455
1 21041212100
1 1303121876
1 20011210048
1 16050110010
1 20099100067
1 17041211827
1 4113127
1 1701110146
1 16050520066
1 1301120030
1 20081212646
1 19051212283
1 20181214402
1 19040100150
1 1501120191
1 1503121619
1 17021210713
1 1414122986
1 17180210013
1 2125028
1 1402120763
1 1203110059
1 14030110009
1 18021211231
1 1701110099
1 1503121681
1 18010500043
1 18041211819
2 1301120073
2 21111212810
2 1302121428
2 1121380
2 20009201103
2 20009100160
2 13130130322
2 18041110307
2 1301120282
2 13050310066
2 1012110193
2 19011210486
2 16030410011
2 1301120366
2 19021211101
2 21151213552
2 19151213500
2 4125036
2 17020710019
2 21181214137
2 14050310066
2 1202121261
2 1406122329
2 20121213163
2 1303121610
2 1411122860
2 1605122137
2 18180200018
2 1201120686
2 1703110269
2 1203121627
2 19021211104
2 19030500135
2 6112020
2 18111212602
2 20141213405
2 1601120169
2 1206122395
2 1311122911
2 21111213085
2 20009200066
2 20031211404
2 17020520038
2 20009100824
2 21041211956
2 14160211029
2 18141213010
2 4125015
2 21031211736
2 6121028
2 1204122187
2 1201120724
2 19050500135
2 21111212916
2 14112218
2 1202121498
2 1402120780
2 14060510023
2 18200100242
2 17011210317
2 1211122787
2 18151223909
2 1203110213
2 19111212861
2 18021211078
2 1504121905
2 17140110094
2 1311122846
2 19031211603
2 20131213312
2 20011210197
2 1502121337
2 1202110050
2 14010520042
2 19011210091
2 18041211712
2 1202121347
2 1204121944
2 15070310024
2 18171213316
2 1203121824
2 16069110067
2 14030188030
2 21021210881
2 4122015
2 19020100413
2 21181214478
2 20021211123
2 15050310042
2 21151213652
2 1413122978
2 13040310035
2 15040410060
2 21181214327
2 15140120009
2 19021211313
2 17011210061
2 1403121764
2 1404322054
2 20041212071
2 1202121448
2 21111213199
2 19171213778
2 21041212100
2 1301120499
2 19021211248
2 21131223436
2 14130130322
2 20041211762
2 16010510061
2 13020310066
2 14121075
2 13030140053
2 20041211937
2 4115126
2 2120040
2 17021211392
2 1406122340
2 15130130275
2 21051212344
2 1612110074
2 19111223021
2 1211122886
2 1111014
2 1202121215
2 17041211755
2 1703110281
2 13030120103
2 21071212689
2 20021211200
2 1611122858
2 15020120073
2 17021210606
2 14050310039
2 20011210471
2 7112025
2 21181214416
2 20111223125
2 13130120212
2 19031211794
2 3121203
2 19031211508
2 2121262
2 20021210771
2 14112107
2 19020100028
2 13111386
2 20159100085
2 1401120342
2 1301120143
2 1301120169
2 16050110020
2 18040200017
2 1501120125
2 21011210042
2 13040120126
2 21031211455
2 20151213546
2 1602120873
2 18091212334
2 1113066
2 21171213854
2 17010510036
2 14020120015
2 1202121499
2 1208122557
2 19021211278
2 1111050
2 15010180026
2 14112099
2 1502120935
2 20009102161
2 17151213178
2 13010120005
2 19021211283
2 21021210946
2 15020110065
2 1203121577
2 1121029
2 21021210981
2 19171213853
2 15070199006
2 1011120780
2 17011210557
2 1606122258
2 19030100043
2 20009102207
2 20009201087
2 20181214326
2 1203121634
2 1201120644
2 20111110342
2 19041222052
2 20171213799
2 21011210233
2 20031221725
2 1604122034
2 1603121585
2 1611122758
2 15069130027
2 17010160050
2 20071212581
2 1406122414
2 1403121518
2 19041211971
2 19051212172
2 16050310073
2 8113019
2 1404122152
2 1402121048
2 4114053
2 15010180011
2 17021211309
2 2117030
2 1402310157
2 18151213195
2 1402120903
2 13020110044
2 1111164
2 1502121192
2 8125016
2 1407122458
2 1311122915
2 1602120680
2 17111212592
2 19151213508
2 20041211770
2 1503110215
2 1604121787
2 20022100032
2 21181214394
2 20009201460
2 15020510035
2 19121213251
2 20041212015
2 1601120532
2 19031211394
2 1206122365
2 1601120218
3 21161213756
3 2125035
3 20040640011
3 1304121928
3 21111212986
3 4121042
3 19111110103
3 1607310287
3 20021211170
3 17111212538
3 20009102220
3 20021211289
3 1210122645
3 15050110066
3 20021210792
3 18010100230
3 15069120054
3 13130120138
3 1504121910
3 19020100260
3 13010110055
3 18021211174
3 19071212708
3 2121366
3 1604122003
3 18140100043
3 1507122433
3 1311110293
3 18050500050
3 1602120981
3 20031211552
3 21021211230
3 20009100732
3 18101212387
3 1206122345
3 13040110039
3 18021210822
3 18022100070
3 21181214404
3 1301120473
3 18031211609
3 16040120062
3 19030100328
3 4112020
3 19151213491
3 21131213336
3 1306122373
3 21041212105
3 1602110155
3 20061212370
3 20021210745
3 19050100006
3 17040120060
3 1304122145
3 17010130021
3 1601110120
3 19200300155
3 1603121548
3 4114035
3 19061212390
3 13050110030
3 13030110059
3 8124002
3 1501320568
3 22020140009
3 13010180008
3 17021210656
3 1301110093
3 19050100141
3 21131213438
3 14122151
3 4125054
3 19010100398
3 14020150069
3 15020520007
3 17130140347
3 1202321403
3 21181214100
3 20021210724
3 1414123006
3 20020140018
3 20021210741
3 21011210006
3 14030199013
3 14020120014
3 2125096
3 14130130252
3 13130140336
3 1201120630
3 13010310001
3 17041212032
3 20021210763
3 21063222539
3 1601120236
3 21051212264
3 15080110019
3 20111212995
3 21051212257
3 1106122427
3 18130500403
3 17010520040
3 19050300040
3 21011210195
3 18030100213
3 17151213129
3 4112032
3 15130120211
3 20171110374
3 14140210096
3 14010510086
3 1205122291
3 8117014
3 1307110258
3 17091212448
3 18021210936
3 19021210912
3 14310116070
3 19171213853
3 21181214109
3 1702110195
3 14040199026
3 17021210783
3 13040310013
3 21171213926
3 20009200226
3 17020150028
3 20091212680
3 18040100010
3 18111212600
3 13090110005
3 17151213072
3 17020150072
3 21111212765
3 14070210021
3 1402321441
3 2111352
3 5111083
3 1311122872
3 1401110095
3 1204110244
3 20011210531
3 1111461
3 19010400022
3 20151213454
3 18021110260
3 1701110113
3 1069120471
3 21041211990
3 18189100003
3 19020100239
3 20049200492
3 17069150006
3 17041212007
3 15020110048
3 7111033
3 21111213025
3 20021211135
3 1302121221
3 16020120061
3 15080310012
3 1605110270
3 15069110055
3 21121213290
3 15010140027
3 15070199024
3 20031211479
3 1102110140
3 1601120296
3 17111212823
3 17111212701
3 16140220053
3 20161213639
3 18011210361
3 21021211032
3 1611110324
3 16030120031
3 1611110072
3 1407122469
3 15140220067
3 20031211318
3 2121036
3 1202121098
3 19121213241
3 1306122352
3 13040110053
3 18050300028
3 16130120185
3 20121213176
3 14140210107
3 1511122674
3 21181214267
3 17031211703
3 111228
3 18011210018
3 14112009
3 21121213305
3 20069100247
3 6121020
3 1402121192
3 20111213021
3 21181214087
3 17140110069
3 17040120078
3 2121411
3 21021211135
3 14129010
3 19151110593
3 16010199040
3 19040100149
3 20069100242
3 20009101099
3 15170110008
3 20009200769
3 14030120078
3 20031211379
3 20051212251
3 7111007
3 19040300020
3 1407122463
3 14140120064
3 18111210118
3 17051212049
3 17101223431
3 1401120294
3 1404122137
3 14170110050
3 1203121632
3 18171213374
3 13040110084
3 1302321478
3 14140120023
3 19021211261
3 18071212241
3 20051212258
3 20009101698
3 16010140012
3 1404110212
3 19020300044
3 1305122293
3 20061212309
3 17020120047
3 13060210017
3 1711110365
3 19031211448
3 20049200486
3 14111102
3 19189100003
3 1304122132
3 20021210956
3 8111038
3 17140120036
3 20181214064
3 1511122753
3 19151213501
3 15050520044
3 19050500154
3 6115027
3 19021211265
3 20041211868
3 1304110224
3 16130140368
3 1301110104
3 14111065
3 1504121869
3 1706310334
3 1408122512
3 1504122011
3 17040110051
3 15130140398
3 19151110595
3 20009100712
3 1407310267
3 13010410049
3 14040110085
3 2121337
3 1404110214
3 15069120017
3 17050110027
3 1402110149
3 21021210783
3 1302110193
3 1121040
3 1102110192
3 20151213449
3 13020610013
3 21111212808
3 18031211547
3 19021210696
3 19021110030
3 1403121542
3 1405122193
3 14030130082
3 1301110098
3 1201120160
3 21011210243
3 20111212785
3 14040310049
3 20021210951
3 1304110225
3 21011210204
3 1412122955
3 20151213439
3 19111110444
3 6121035
3 7112015
3 19030600025
3 1502121250
3 15170110054
3 14121094
3 1505122266
3 1208122525
3 17151213164
3 16069120040
3 16090120007
3 20051222270
3 18021211008
3 1611122802
3 19111212902
3 14140210073
3 19071110551
3 2121046
3 16010410005
3 3121295
3 1611122951
3 1301120269
3 1304122019
3 4113042
3 18020100151
3 2121107
3 1602110031
3 15130130265
3 5111190
3 1505122209
3 19200300131
3 15130120151
3 13040110082
3 13010310049
3 21021210971
3 18180100086
3 14122127
3 4112036
3 19021210685
3 18069100214
3 17160110026
3 5114017
3 17011210470
3 17069110045
3 20021211007
3 19200300065
3 14040510037
3 1402121171
3 17041211829
3 9101110208
3 20091212659
3 21011210215
3 20009102092
3 1402321374
3 1121179
3 16069130012
3 20009100935
3 14010130008
3 13040410009
3 19050100140
3 14040110003
3 18011210356
3 5124025
3 1211122899
3 1117110024
3 18021211259
3 19020100253
3 16020130005
3 1501110093
3 5121126
3 1504121955
3 1501120277
3 1302121473
3 21021210978
3 20181214336
3 19031211460
3 21111213145
3 1502121151
3 1604121923
3 20051212210
3 1612123012
3 20011210111
3 1606300098
3 13020151019
3 21111212909
3 1304122025
3 18031211518
3 15040120118
3 20141213406
3 1402121291
3 18010500041
3 13050180027
3 1304121952
3 15080110017
3 1505110263
3 21161213757
3 20151213618
3 20041211893
3 21151213745
3 18031211558
3 19159100050
3 18151110451
3 13070310023
3 18140100198
3 1111110295
3 15040610018
3 15090210020
3 21171213977
3 17140199003
3 18141213020
3 17040510045
3 20131213321
3 1607122473
3 13050110041
3 1601120127
3 21181214363
3 1304121935
3 1602121241
3 19131213355
3 19200100025
3 17111212793
3 4122035
3 20011210131
3 14140210070
3 20051212219
3 1404122057
3 1603121583
3 19050100004
3 21141213507
3 18021211091
3 19020100365
3 1302120792
3 18041110305
3 4114003
3 20041212023
3 14030140039
3 20031211467
3 15040510091
3 17041211923
3 18061212160
3 1410122585
3 15040520104
3 18070100027
3 1201120726
3 1202121425
3 16050120070
3 1202121382
3 21063222493
3 2123044
3 1601120068
3 21131213373
3 17040120068
3 1611122717
3 21071212654
3 20009200627
3 18130500369
3 21021210915
3 1402321485
3 19050100011
3 17011210543
3 13040210009
3 16069110011
3 17070310006
3 18031211517
3 7121006
3 1125095
3 4113066
3 20180100002
3 20050500005
3 18010100347
3 21021210712
3 21011210356
3 1504110223
3 1604121898
3 19021110351
3 1211122695
3 13010150012
3 21021210769
3 18151213137
3 21161213777
3 18031211332
3 1202110019
3 14050410019
3 13140210004
3 13130188011
3 1411122727
3 15010130098
3 4122002
3 21131223436
3 18151110432
3 1102110154
3 20031211575
3 18140200003
3 13170110020
3 1602121152
3 1606122259
3 21021210792
3 15069110012
3 18010100421
3 16030130050
3 1211122799
3 16040110023
3 1301120643
3 1202121421
3 18021210030
3 1501120091
3 20049200226
3 21111213149
3 14040110030
3 16050120011
3 1311110299
3 13130120150
3 21041211956
3 19180300003
3 20051212141
3 1404122122
3 1206122384
3 14030410002
3 1302120950
3 21021210906
3 20061212358
3 1504121877
3 19031211485
3 13030120026
3 1301120223
3 1211122762
3 1102110160
3 19140100138
3 14020710015
3 17101212514
3 19030500288
3 1403121729
3 1611122675
3 20021211002
3 18151213156
3 13030120054
3 18031211385
3 21021211000
3 1211110303
3 20171213777
3 13020120044
3 17151213078
3 18140100092
3 21181214364
3 18011210293
3 17130130221
3 15040120116
3 1501110095
3 14020130069
3 14130188024
3 20121223238
3 1011310125
3 16140120087
3 18020100420
3 20021211051
3 2114036
3 21021210903
3 18062023601
3 17031211441
3 19030100120
3 20021211074
3 1404110218
3 2125033
3 1602120852
3 14030130076
3 1601120111
3 1405110242
3 21011210483
3 21031211651
3 17030140027
3 4121057
3 13020610034
3 1308122607
3 13030110004
3 19070190004
3 16069130055
3 13050410016
3 14122108
3 19030100023
3 19010190018
3 1307122483
3 20063222482
3 21031211681
3 1121001
3 17020110046
3 1301120734
3 20021210689
3 1403121688
3 20009101248
3 1202121435
3 15170110061
3 21181214126
3 19021211299
3 18130500282
3 1402121362
3 1210122619
3 15050199026
3 21031211619
3 2117007
3 17090210002
3 19010190014
3 1405122316
3 13050110072
3 1608122555
3 13030120005
3 13140120039
3 17020610024
3 19030500338
3 17040110027
3 1115091
3 7125019
3 13040120174
3 20031211313
3 21171213823
3 19091212731
3 18021211128
3 20010100001
3 1401120691
3 13121202
3 19011210227
3 14310116061
3 18021110218
3 1611122682
3 1302110130
3 19160100024
3 1102110141
3 1411122647
3 18020100195
3 1011110021
3 1202110018
3 14010130037
3 19010100321
3 20009100378
3 1202110143
3 17020710012
3 15030110021
3 1503321817
3 13040410050
3 1211122789
3 17010170054
3 15040410012
3 1301120115
3 21011210149
3 20020140015
3 1312122987
3 7114134
3 20021211099
3 21131213412
3 1211122670
3 18023110195
3 19020100261
3 13040120102
3 14040510075
3 15040410049
3 19010100162
3 1303121869
3 20009100622
3 18020100266
3 4114037
3 1303121798
3 18022100071
3 18040300084
3 20021211136
3 1512122897
3 15140190014
3 21041211880
3 17071212338
3 13040410018
3 18111212475
3 19141213406
3 19170100011
3 19030400003
3 17080210008
3 21151213736
3 1302120958
3 20131213285
3 20181213927
3 1403310199
3 20009100931
3 1202120980
3 14150110042
3 17061212317
3 17140120035
3 18010100047
3 1207122486
3 20011210460
3 13040210012
3 19041211824
3 20159100019
3 21111212969
3 20009201265
3 1302121134
3 1505122214
3 14140210013
3 7114120
3 13010150028
3 1411122859
3 1502110173
3 21031211419
3 13010510041
3 1502120906
3 20041211954
3 21041211904
3 8112026
3 20041211830
3 19141213416
3 20021210813
3 20181214378
3 15140220066
3 18021211254
3 1302120943
3 20181214027
3 1504322024
3 20011210350
3 19020100061
3 20009100213
3 22010540014
3 21041211879
3 20020100015
3 18040100065
3 21051212296
3 2125020
3 21041211803
3 18051211924
3 21071212616
3 15069110011
3 1308122594
3 14140110017
3 14112005
3 1202120900
3 1612122993
3 17111212683
3 18030100335
3 19021211105
3 21181214339
3 1603121763
3 15069110004
3 20171110381
3 16010510056
3 19021110031
3 1302121425
3 20181214047
3 1614123125
3 20010500004
3 5121022
3 18180100138
3 14130120115
3 1606122305
3 13070199014
3 1506122350
3 19041211837
3 17061212214
3 21031211711
3 1302120983
3 18021211196
3 1409122535
3 21031211509
3 17021210964
3 18050500150
3 21151213597
3 1402120858
3 8112004
3 20009100200
3 19170100082
3 1503121776
3 2116010
3 18161213260
3 4113014
3 18151213239
3 17031211668
3 18130500137
3 20181214114
3 4125027
3 21141213515
3 21011210259
3 1202121401
3 21011210485
3 17069150030
3 1201110085
3 1303121773
3 6125038
3 1410122597
3 15050199007
3 1205122252
3 21141213500
3 1604121866
3 1604121801
3 17011210029
3 7113021
3 21181214291
3 1605122172
3 17069140019
3 19030100025
3 1504122046
3 1208122560
3 21021211077
3 13070110023
3 21021210905
3 13040410036
3 15180110055
3 13030110009
3 20071212553
3 20049200345
3 17030130031
3 16140210035
3 20181214260
3 1402121440
3 20041212028
3 13020120055
3 21061212400
3 1210122611
3 16069120028
3 21071212676
3 17141213051
3 20031211371
3 1201120374
3 1502110164
3 14040120015
3 1202121136
3 20009101527
3 13060310017
3 19040300103
3 4123077
3 13050610011
3 1401120652
3 14080110015
3 17040120076
3 1512122890
3 14020310016
3 14112102
3 20171213821
3 19030100320
3 13060410006
3 20079100077
3 15020140015
3 20151213555
3 19111212815
3 1304122175
3 20011210525
3 21021211166
3 20011210115
3 14010190016
3 20009101670
3 1035121930
3 1304122183
3 18020100440
3 21031211518
3 17050520012
3 18151213238
3 2125107
3 1312110314
3 1201120227
3 1203121603
3 17040110029
3 8113021
3 20021210586
3 13060910030
3 17050510017
3 17071212355
3 17061212293
3 1303110208
3 18011210056
3 18030100253
3 13030140045
3 15180210019
3 3121017
3 1311122840
3 20071212615
3 16040520060
3 18151213058
3 14140220056
3 20031211610
3 20121213172
3 1611122925
3 20181214119
3 20011210496
3 15020710022
3 1115145
3 16140220058
3 14112218
3 1303110205
3 1306122391
3 19030600015
3 18010100094
3 21011210544
3 17021210993
3 18041211728
3 18101212404
3 21111212858
3 15140220105
3 20011210279
3 1602110198
3 1203110214
3 20021210799
3 21041212101
3 20041212044
3 2126031
3 4115143
3 20079100039
3 1613123034
3 21041212106
3 18021110246
3 1202120824
3 19021210763
3 20111213113
3 19021210717
3 21171213956
3 15050120093
3 20011110212
3 18041211838
3 7124107
3 16090210011
3 18111110373
3 20031211518
3 18041211805
3 14040510026
3 19081212727
3 19070100022
3 14111001
3 1502120745
3 1604121777
3 5121163
3 2124036
3 18020300088
3 20021210894
3 16029110068
3 20061212344
3 20021210670
3 16140110023
3 4125102
3 13030110076
3 17131212982
3 1108110028
3 14020310050
3 1202110137
3 4111108
3 20011110009
3 7126036
3 1605122197
3 1307122563
3 20011210378
3 2124002
3 20061212328
3 20021210701
3 21111212931
3 16080210024
3 17140210022
3 6121039
3 17130110006
3 18180100027
3 20061212507
3 14140120069
3 21063222522
3 5113035
3 21061212447
3 16030140095
3 17130120142
3 19071212675
3 21151213619
3 16130110075
3 20009101869
3 2111296
3 21031211549
3 1401120203
3 16050510008
3 20181214414
3 1203121744
3 17021210951
3 1203121861
3 1602110190
3 14130120200
3 20061212288
3 3111013
3 17010140046
3 13170110028
3 1302121460
3 1505122143
3 14140288032
3 15140120001
3 14060910014
3 15020310037
3 1401120064
3 20021211285
3 1605122207
3 21031211512
3 19030100099
3 15030140080
3 4125096
3 7113029
3 20031211612
3 5111014
3 17070110019
3 1307122540
3 21011210494
3 21031211706
3 5111124
3 20049200540
3 1504121846
3 18021223468
3 13040520115
3 1303121786
3 1503121777
3 19021210743
3 18021210023
3 1601120596
3 17061212242
3 1302121362
3 3121396
3 17130188013
3 1614123109
3 1411122785
3 1211122880
3 20181214324
3 1506122377
3 1507122414
3 8125022
3 14010120013
3 20111110258
3 14020140005
3 17020710014
3 21151213706
3 2125045
3 1403321839
3 1311122860
3 19041110062
3 21200340022
3 1306100037
3 21021210669
3 1602121238
3 19030100336
3 1702110026
3 20081212647
3 13020310077
3 19069100161
3 17020610008
3 19041211901
3 14060410017
3 1601120104
3 14140220005
3 1604110051
3 14140220111
3 17063020092
3 6112014
3 4121077
3 18050400016
3 19050500063
3 1511122598
3 1504110216
3 17131212950
3 20049200237
3 1602120662
3 21151213653
3 20009100988
3 18062023693
3 20099100055
3 15030110022
3 17063020076
3 1305122281
3 19140200173
3 17140120095
3 18029100051
3 1404122086
3 1501120512
3 20031211347
3 20041110288
3 1503121822
3 17021223246
3 14120004
3 17063020064
3 1404121992
3 21021211059
3 16130130256
3 13090210009
3 17051212054
3 1204121929
3 1403321802
3 19131213310
3 21181214144
3 18121212851
3 18170200035
3 18131212892
3 16040310033
3 1601120383
3 13130140337
3 20031211390
3 18041110612
3 18051212011
3 19021110178
3 20181214238
3 20151213503
3 17020140023
3 1204121957
3 20031211629
3 20009101448
3 1311122879
3 17121212921
3 17021211172
3 15020140051
3 18010100009
3 1406310263
3 21031211610
3 17011210176
3 13020310061
3 1401120100
3 20041211784
3 16020510034
3 21171213802
3 18111212706
3 21011210280
3 15040110088
3 1411122822
3 19021210894
3 18061212150
3 21181214009
3 18050300052
3 18200100099
3 21011210536
3 20181214012
3 18021110232
3 17050110032
3 6123039
3 15020310031
3 15020130039
3 21011210264
3 1115123
3 19090100031
3 19021211218
3 19040100043
3 18040500123
3 20011210223
3 4113017
3 1605122152
3 15140190018
3 21171213949
3 19111110109
3 19021210959
3 4123036
3 1306122399
3 21021210729
3 17011210187
3 21051212306
3 6112009
3 4125119
3 14030199026
3 18140100125
3 15160211033
3 20131213322
3 1202121218
3 7124074
3 13040120118
3 17020120070
3 18111210122
3 17041211792
3 21111213170
3 21011210272
3 14010410042
3 17021211381
3 20061212537
3 1404110225
3 19030500005
3 20041211911
3 16030120072
3 20009100038
3 18061212107
3 20009200239
3 1401120108
3 7114005
3 13020110005
3 13010520022
3 1502110117
3 13150210013
3 20079100037
3 13050520015
3 17041211865
3 20131213278
3 1409122526
3 1506122284
3 1502121176
3 17050610034
3 1606122317
3 14040110004
3 21063222506
3 6123003
3 21021210807
3 14050120010
3 13020510059
3 19069100037
3 1502110167
3 1701110146
3 19020100283
3 18041211621
3 5121117
3 20181214054
3 19171110149
3 1207122452
3 16020510057
3 4103101
3 2111172
3 1207310265
3 1403310195
3 19111213026
3 18031211410
3 15170110011
3 20009100208
3 13111095
3 1711110375
3 21041211993
3 18171213338
3 1104110240
3 17021210912
3 21181214188
3 1504121965
3 20131213323
3 19063222607
3 13140199018
3 7115012
3 18022100041
3 21041212120
3 1503110208
3 13050120090
3 21041211878
3 20021211222
3 1607122484
3 20041211900
3 16040210011
3 19050300037
3 20049200038
3 14090110001
3 18020100167
3 1402121090
3 5111173
3 20151213548
3 1405122256
3 17101223435
3 21061212366
3 20031211667
3 1504122054
3 13040410047
3 20071212549
3 18111210066
3 4121158
3 7114109
3 21171213838
3 20041211962
3 19010100371
3 16050410023
3 5111066
3 18021210732
3 18011210249
4 17051212132
4 1511122616
4 1304122007
4 18141213000
4 1211110300
4 3112005
4 17021210923
4 9101110208
4 18011210093
4 15130110040
4 1201120051
4 20041211984
4 20009101787
4 1304122023
4 20151213529
4 20131213318
4 16050120035
4 1102110194
4 18170200018
4 1302120943
4 20151213469
4 18050500093
4 5111087
4 21021211255
4 1302121307
4 1405122313
4 1211122928
4 1401120075
4 18041211893
4 2120016
4 1211122733
4 19021110364
4 19021110329
4 1502121408
4 1301120307
4 1611310327
4 20011210256
4 2111201
4 19021211303
4 1102110174
4 1211122868
4 14030140079
4 21181214048
4 1606300082
4 14050510027
4 1401120533
4 20111213024
4 18151223908
4 1402121473
4 18010100272
4 15030110050
4 19040600022
4 20111110316
4 20181214124
4 15130130310
4 19151213522
4 17041223347
4 19031211348
4 1201120507
4 1501120096
4 18111223822
4 1304122080
4 19041211990
4 19011210479
4 14010130076
4 18021110253
4 13120015
4 20021210665
4 1013110243
4 1206122385
4 1202121180
4 19041211951
4 21031211430
4 18140200046
4 2114002
4 16170110059
4 20051212110
4 15130140404
4 15030120071
4 1301120341
4 1303121808
4 21151213639
4 18111212576
4 17111212823
4 1211122779
4 18200100038
4 14010120065
4 16180110093
4 15010510031
4 1603121769
4 1211122865
4 1410122577
4 3111246
4 1602120691
4 1402120949
4 3112037
4 3111311
4 17051212181
4 1301120522
4 1111138
4 20011210469
4 3111058
4 14030210030
4 21021211300
4 20009100932
4 1602120666
4 1602121057
4 8115006
4 17011210097
4 1301110106
4 20121110289
4 20181214339
4 21021211252
4 1502121023
4 1304121936
4 1310122625
4 18111212620
4 1410122581
4 2111370
4 18030100450
4 20021210756
4 21011210384
4 20011210411
4 17041211840
4 20041211935
4 1211122795
4 20111213001
4 21011210147
4 18041211873
4 7124134
4 1204121985
4 1502120972
4 20009201448
4 1408122503
4 13050310051
4 1111110312
4 17130110052
4 16180110046
4 13111153
4 1207122511
4 1401120199
4 14130110008
4 17021210809
4 21181214399
4 1301120024
4 16130130263
4 1301120112
4 1201120225
4 1202120762
4 16020188025
4 1302120847
4 1202121459
4 1611122778
4 21011210145
4 13020110078
4 21021210946
4 1202120913
4 1301120573
4 1111256
4 19041211845
4 20021210934
4 2121336
4 18141212982
4 13030288003
4 1501120533
4 15020520015
4 20009100176
4 18071212289
4 1601120540
4 13111254
4 18171213319
4 1102110135
4 1502121456
4 13130110092
4 1511122839
4 2121211
4 1203121614
4 15020110003
4 19070100035
4 2123027
4 20011210145
4 19131213351
4 16050310034
4 1201120702
4 13121283
4 1304122215
4 17041211795
4 20140100007
4 1410122595
4 1501120364
4 1504121841
4 1601110008
4 8116020
4 20031211662
4 1201120479
4 13111306
4 21161213763
4 1401110107
4 1401120511
4 1406122419
4 1402121404
4 17140110102
4 20051212081
4 13010150038
4 1201120635
4 21111213209
4 15020310070
4 18151213080
4 19071212640
4 1506300077
4 6124038
4 21061212380
4 8127008
4 1115028
4 21031211764
4 19061212375
4 3102063
4 18171213435
4 18111212467
4 17180110020
4 21031211530
4 1703110279
4 6123012
4 20011210531
4 4113097
4 6121024
4 18020100039
4 18011210461
4 6115037
4 17021211084
4 19151213521
4 1202121140
4 1304110217
4 1303121884
4 13020110029
4 17111212651
4 20181214346
4 17031211595
4 17063020066
4 21031211751
4 18050600002
4 1404122077
4 16030140079
4 1511122791
4 18171213304
4 1404122101
4 18021211059
4 19051212273
4 18051211922
4 1410122615
4 1601120123
4 4113129
4 18130500015
4 1703310053
4 8127025
4 18050100233
4 4121037
4 2111033
4 20041211872
4 17031211592
4 21181214044
4 20121213228
4 1611122651
4 21021210805
4 18011210088
4 14010130063
4 20051212235
4 1303121917
4 1307122470
4 1201120558
4 7127020
4 17040410011
4 1301120429
4 16030130078
4 1121367
4 19049200009
4 17011210457
4 7111068
4 13020110001
4 1506110277
4 17030120093
4 7114042
4 1121469
4 20041211779
4 1511122597
4 2115142
4 20181214374
4 18111212723
4 20031211558
4 1611122819
4 1201120609
4 1503121676
4 18011210105
4 1302121545
4 1410122578
4 20071212540
4 13150110009
4 1503121591
4 19010500088
4 1211122857
4 15130130277
4 21021210633
4 19111212977
4 19010100241
4 19021210729
4 18031211313
4 1121023
4 20031211313
5 14130130273
5 13020310084
5 14020310084
5 1302120860
5 2111035
5 13140110006
5 13030410009
5 20111212916
5 15030120063
5 20111212750
5 17011210002
5 1502120760
5 18021210658
5 1203121526
5 14010110052
5 18130500208
5 8115040
5 2121273
5 17121212915
5 1307122463
5 2123034
5 20111212920
5 21021210954
5 1604121860
5 1503121724
5 708120375
5 17041211800
5 19011210317
5 17041212017
5 1311122776
5 15130110075
5 15050120057
5 20009200319
5 17011210181
5 1502121214
5 13050510042
5 1201120450
5 20181213858
5 20181214400
5 18031211582
5 1302121206
5 1304122194
5 21181214470
5 18051223572
5 21063222496
5 14010120085
5 21181214477
5 21141213487
5 19111213173
5 5121116
5 1401120033
5 2111145
5 1106122427
5 19111223200
5 20181213845
5 20011210264
5 21011210220
5 1301120255
5 21031211385
5 16030110061
5 1503121695
5 21121213320
5 13040310110
5 3111023
5 1202120980
5 1301120725
5 1203121595
5 19020100045
5 20061212320
5 1302121365
5 1301120077
5 20011210104
5 1124004
5 21011210093
5 18040300001
5 20151213446
5 1211122701
5 17029110058
5 18071212293
5 13020120042
5 17041211899
5 14030110022
5 1705110312
5 1202120855
5 5121005
5 20011210002
5 1612123013
5 16040210011
5 1302121130
5 13040310106
5 1410122577
5 13130120110
6 1502120779
6 18020100454
6 20009101683
6 20061212525
6 2123107
6 15140110007
6 18131110410
6 19030500177
7 20061212521
7 1206122390
7 1504122110
7 1505122277
7 16020130005
7 1211122800
7 20009101787
7 21041211903
7 13130130280
7 1510122525
7 19030500073
7 18170100083
7 1410122608
7 1201120388
7 13050180014
7 19151213702
7 19180200013
7 3112003
7 13121015
7 14129010
7 18111212532
7 17020130018
7 1403121859
7 19021210782
8 1601120529
8 13121238
8 19030100335
8 1102110197
8 19010190023
8 1503121831
8 20030100001
8 19010100048
8 1124030
8 13140120048
8 1509122490
8 14010140020
8 21111212946
8 1705110317
9 17030120048
9 1502120860
9 18031211501
9 20080100013
9 14122188
9 1210122589
9 18131210070
9 18031211378
9 4113045
9 17140220049
9 1615123182
9 1602120998
9 1202120846
9 17011210325
9 19031211741
10 19071212628
10 19031221552
10 17011210463
10 2125028
10 21030540003
10 20111212988
10 1501120193
10 19111223159
10 1302121344
10 1121356
10 19069100118
10 21021211036
10 19111212981
10 20021210694
10 17040120026
10 14170110044
10 14020510049
10 3121400
10 20009100686
10 1402110125
10 1206122349
10 2115007
10 13050120026
10 20009101828
10 21021210771
10 14050310049
10 1602120708
10 1405122291
10 2111341
10 1111137
10 13040210003
10 17051212068
10 1604121908
10 1502110022
11 15030110021
11 17080110010
11 1501120478
11 1502121119
11 19010100303
11 19031211589
11 1504121875
11 1411122863
11 1011110119
11 18031211314
12 18010100017
12 1302120812
12 20009100741
12 1501110086
12 20049200341
13 6111020
13 1301120395
13 20041212003
13 19021211329
13 16180110099
13 13030130104
13 19111213075
13 1411122860
13 1511110311
13 1501120049
13 18021211123
13 19071212683
13 18011210068
13 19021210707
14 18140100025
14 17020510030
14 18111212789
14 20071212572
15 13111106
15 17071212400
15 19010100087
15 14130120111
15 14010120071
16 21021210730
16 6125012
16 1302121452
16 19111213037
16 4122007
16 1113070
16 1304121934
16 21061212367
16 18020100037
16 20051212099
16 18200100242
16 18170100026
16 17061212279
16 16010140093
16 1505122169
16 1405122320
16 21071212678
16 19021210695
16 1201110112
16 21071212690
17 21021210966
17 1601120137
17 1411122717
17 19020100172
18 2114034
18 18030100214
18 1607122510
18 18021210616
19 1403121742
19 1501120530
20 18011210346
20 21063222551
20 1302121419
20 19030600019
20 1306122428
20 19021210934
20 1210122608
20 15030130057
20 1603121544
21 1301120376
21 4123014
21 18020100416
21 17021211324
21 13040120099
