1 91110108MA0097XC3W
1 916100006679876912
1 614308763
1 770299475
2 607211699
2 916101030978877866
2 91610131MAB0KTR66Y
2 123302110582926915
2 9145080070864475XF
2 91610800MA70FUB2X9
2 400013214
2 91320594732513557J
2 12610000435204301X
3 911101085674051211
3 802034050
3 911201187949684426
3 91310115MA1K4ELB04
3 661258789
3 91110101051419389T
3 9111010155855263XP
3 70323265X
4 695301335
4 91610116081047862D
5 91610000220545678W
5 91320594072749600X
5 399297474
5 727378549
5 915101006771521538
5 676607611
6 91610131MA6W04KQ8W
6 91320706779650217Q
6 751521712
6 91330110MA2GKF240G
6 91310000MA1H3GB98C
6 000000000000000000
6 78278219X
6 914101005803293461
6 12100000400013775Q
6 11654127010357812B
6 52640000MJX166157H
6 91540000MA6TIE9B5U
6 121000004552502099
7 91440400MA52BPMW83
7 91652300299201885B
7 913212810601588037
7 12100000MB20015849
7 911101087940569888
7 MA1FL0HA7
7 616412935
7 787803068
7 915301006812986573
7 9111010859966120XL
7 91110108100018355R
8 667094738
8 331356060
8 911101080804655794
8 91610131MA6UXFRU30
8 91330100779288094H
8 31113361X
8 91510108MA61XJ49X9
9 121000004662926828
9 91140000670166480Q
9 121000007
9 MA1H7FRX5
9 914305005617039539
9 710939629
9 710937412
9 91522300761390445F
9 91310114MA1GTC1R1F
9 91110108MA01EGPQX2
9 790780784
9 91440300MA5EUQBB36
9 91610103333714749R
9 91320202323941278Q
9 91540400710904645M
9 753071444
9 556999614
9 91420100781964645A
9 91320700791999032K
9 12100000418806554E
9 91320585696715572H
9 F85690635
9 704638037
9 12100000400008626D
9 K31728067
9 91610133790778107E
9 11610104013398249E
9 91340100MA2MYLJE9C
9 792917246
9 717851099
9 9137000075746021XQ
9 91110108802037040C
10 911101017967003199
10 91120222075914130T
10 12370214MB28592069
10 915301007452682470
10 190346175
10 91510112MA6DHFWT4T
11 91371700310449567U
11 1210000040000596X4
11 91610131MA6UQHQRXG
11 126100004364513209
11 697179484
11 912301001270426111
11 12100000400008319L
11 913100003324174439
11 91420000179315087R
11 91310104MA1FRBH59D
11 598756258
11 12100000717806298R
11 787879687
11 91440400759227905Y
11 914307250663596499
11 915201156629569923
11 722858930
11 91330000253933976Q
11 91320600608308601B
11 121000004662926828
11 764717458
11 91110108MA007UYY10
11 722473344
11 11371700004478300H
11 91320594313891705E
11 742903970
11 91330781MA2JWJQA11
11 121000004352304974
11 9111010857128414X8
11 91320583672509889F
11 91320594MA1MK6N00R
11 91220101715303515P
11 587424207
11 081010365
11 913301106680053894
11 11510100009172191P
11 12331000472580007E
11 91310113570789867D
11 91441781325204861P
11 12130000401705060U
11 558930047
11 52610100435204870F
11 342082018
11 913302817342468784
11 697704656
11 9161040071976874XX
11 714508850
11 12100000MB20015849
11 11440000006939801C
11 736756134
12 91310112324327149U
12 91610131357032937B
12 91110108700000458B
12 135106000084112265
12 914305005617039539
12 91330000761336668H
12 66028378X
13 9161000092052005XM
13 686722613
13 116501040102046213
13 91610131994157716T
13 732863741
13 730980020
13 91610131322416148L
13 91610113MA6U7L7D1W
13 39529038X
13 91440600696474684X
13 91540000219673330M
13 91610132MA6U7H3Y75
13 123100004250007271
13 91340100MA2MYLJE9C
13 91441900714806292Y
13 794122869
13 91370212718041506K
13 279261223
13 91310115740276838G
13 91110108MA00A2RM9M
13 91310116MA1J8LFM2E
13 91610138MA6W1L122X
13 914304007580123984
14 688400415
14 91100000100013116C
14 081488836
14 91110108746736751Q
15 111111111111111111
16 58698056X
16 91440300MA5EDUM79N
16 761134994
16 710923934
16 91610131726285711X
16 9137050073579290X6
16 727900106
16 628013990
16 91610113220601836L
16 554178871
16 91110105MA01A6H66K
16 455769027
16 914401167994422471
16 727152697
16 088355091
16 11610112757843173E
16 91110107597670073M
16 9132010083498988XL
16 126423224550509799
16 671483285
16 121000004416239594
16 915000007874621363
16 91440101MA9YAE9555
16 1210000071780484X9
16 12370000495184322F
16 MA6TXJ532
16 49850597X
16 91610131575093121E
16 589199007
16 91370600165049072P
16 792582140
16 91370212MA3FCG1R2X
16 220527795
16 098757895
16 91110105MA004DM55P
16 91440116708353039E
16 91440101MA59R1EB3Q
16 91610000220522900Q
16 152701000076078
16 121000004507514503
16 91610132MABWPN38X4
16 672997966
16 733458879
16 340000000004253
16 557196370
16 91310112MA1GCQBJ5T
16 924330827
16 91320214MA1MHNNQ3L
16 781703664
16 91640400228462359N
16 91420111MA4KN8YX6M
16 911200001030702984
16 91310115074798131D
16 9141000031741675X6
16 91440300771628445M
16 91110108MA0203CY1B
16 435231270
16 9131000069876516XE
16 91331003148185689U
16 91330109MA2KHX0K54
16 12100000400008626D
16 11610102MB2997334U
17 418806554
17 586617365
18 787744934
19 91610113MA6UB0UC45
19 216544891
19 1113040000040702XC
20 778167039
20 71780484X
20 91610131MA6TXTTWX4
20 318171803
20 755419811
20 770005350
20 91110106760939205G
21 617411379
21 741273604
21 91360122MA364QJ1X4
21 751050121
21 91110108MA01PHDY1M
21 91410000869953094T
21 114201120108834253
21 91320100834880892E
21 91330101MA2B2EL89X
21 91330108MA28URGU2K
22 91370303MA3P77QU3N
22 91320115MA1M9L6E8U
22 91510100674300237M
22 916101032942556067
22 679648435
22 916100007738336885
22 795146897
22 769900358
22 12610000435203245H
22 607417785
22 91370300613290477B
22 91440300311666571Q
23 91330700747709173L
23 12100000425004533M
23 91350200302849667P
24 91640200227993211Y
24 91310115729446808Y
25 9142010072466171X0
26 91610131333726387Q
26 91500106MA604C1M96
26 455929000
26 121000004000152017
27 914200001775893915
27 124203224218550074
28 91320115698378741U
29 745018109
29 911101086723550827
29 094216493
29 MA1Y3E6A4
29 91110105MADBLWCF1P
30 91610131220630805G
30 452375065
31 111000000000130127
31 307391245
31 745467123
31 750013556
31 1132112001446800X0
32 91510100MA63DRH2X4
33 91510100788122264E
34 279348628
34 91451200711491811A
34 91110000051421390A
34 752113198
34 56602946X
34 91610131726285711X
34 585808653
34 76881460X
35 91320400704046517A
36 91440101231251149E
36 914403007261824992
36 91320500565336601D
36 566788220
37 91370214MA3F9H6BXC
37 52410000692160338L
38 053958263
38 32825571X
39 91410000170001401D
39 726261963
39 91330110074335129N
39 790791563
39 11610112757843173E
39 610131100007922
39 91610131757839828C
40 91110108100018355R
40 41275487X
40 00021878X
40 590680359
40 91330000253933976Q
40 682219885
41 682946791
41 91420100764602490E
41 12440300MB2E100882
41 91320100704047384L
41 09382557X
42 319776273
42 12330000470080025L
42 91610113MA6WDRHQ29
42 121000004287404487
42 91310114585239729M
42 12610100MB29868033
42 913101145947255265
42 915100002018616166
42 12100000717801729X
42 91110108330347576Y
43 771437382
43 91532500917888419P
43 91310104MA1FR5RA7E
43 91610000078624171U
43 915101003959163389
43 717849730
43 567493352
44 281881018
45 068848104
45 717814546
46 91149900MA0LFPJP1T
46 91420100MA49MWHQ05
46 91310110599767469F
46 1210000040001556X5
46 91450200327404680G
46 320192000000767
46 91500000671001709Q
46 12100000717804671A
47 91640000715051872M
47 735088058
47 91330100320508065U
47 406580068
47 91320214718646185X
47 580482842
47 014360699
47 91370600557897249A
47 12411222MB1D710054
48 91340100570434353J
48 11320826469652380N
48 9161013169862296XT
48 9111000010112001XW
49 661731097
49 101125734
49 600065238
49 498672233
50 91110108802037040C
51 614308763
51 305820587
51 91370900760983900W
51 916101387135493009
51 170001401
51 728115855
52 72923598X
52 91441900MA51KNC80W
52 91110108763502324G
53 91430103MA4PJ8UU9Q
53 774100494
53 567262001
53 91110108400003884C
53 700238431
53 914403007084307436
53 344283921
53 102071328
53 9152010021449398XY
54 062550788
54 110000410143499
54 11610100K42232032X
54 91520000761388505T
55 91110108MA008QWQ86
55 12100000425035209J
55 91110108MA01XGKF1F
55 058705791
55 9137010078741197XJ
55 121000004000123696
55 397109142
55 91610104MA6TXNW27G
55 91440300MA5DQWK984
55 582623362
55 91440300X18937467Y
55 91110107MA005QGK0E
55 9165010206208764XU
55 916101313223408928
55 620500794871827
55 91320981086951068J
56 779347314
56 91440300MA5DQWK984
57 91310000598120030X
57 435389967
57 100021407
57 797822369
58 91510100720342949A
58 12440000456488032C
58 124100004158037371
58 727152697
58 913301087471508245
59 205418339
59 913206008347542714
59 91110105317934477A
60 121000004662926828
60 318216602
60 91440300MA5F5L7W03
60 744857306
60 742203130
60 12100000717835195T
61 91330110734531548U
61 744771385
61 914403006894406975
61 725577480
62 12100000400010945B
63 914419006614893337
63 694417598
63 916101312943284817
63 220524447
63 9133010379666758XT
64 52610102766964938M
65 91440300755683997C
65 916523270853907569
65 094773062
65 91340200149390270X
65 139008250
65 91320214354967841M
65 91440300319776273R
65 91440300715212285D
66 610131100099562
67 91150500MA0Q845M7C
68 91310115MA1K46BU0P
68 686906404
68 11130202MB15099922
68 9111010155855263XP
68 52370000MJD63775XR
68 121100004006894760
69 124403004557453164
70 770891372
71 715075575
71 91320115MA1TEU7H7P
72 726715726
73 91440300192236666B
74 914302007389768355
74 735361616
75 915101003959163389
76 91610131MA6TYAK55E
77 701298946
77 91410100055962178T
78 12100000400009127B
78 913508001578214801
78 91610000687970598U
78 756581669
79 91310115MA1K3M5N3E
79 745467123
79 913205007431019882
79 694883679
79 582556438
79 749358901
80 91610131MA6WJQ2B4E
81 12100000717830706J
82 91220101244976413E
83 9144030075760640XY
83 914401135523974482
83 9111010806494545XC
83 91310116591673476L
84 067338559
85 91411381MA44RR4A6Q
85 MA6TXPA65
86 59221559X
86 91340111MA8NNR183Y
87 9161013105158996XH
88 91620100MA7466UT00
88 39980590X
89 91330000253924826D
90 485034451
90 773312444
91 91532526MA6KJ2RU2W
92 320981000026555
93 795986888
93 126110255869643249
93 913703007498811104
93 911408008136321364
93 91340100092153978E
93 75657790X
94 91610131MA6UW29966
94 12410000415801694R
95 593772304
96 43523210X
97 747846223
97 91610131766981885L
97 91110000590661254U
98 91420100MA4KLBKX49
98 91330110MA2AXAUG9G
98 91440300MA5HD4UH32
99 664052284
100 91610000435230411R
100 599658334
100 709253064
100 741543600
101 333810546
101 9144040019260094XE
101 911100001000027329
102 916101137974986851
103 92330304MA2BY8B40T
103 91320113MA21EHYR1G
104 91610131MA6UQQJU4M
104 485222364
105 556993212
106 526100007979116447
106 91110108MA0068GY1F
107 678539210
107 52140100775174882F
108 91350901705301225K
109 91110106685759254L
109 91410700172968181D
110 91420100565571820R
111 91310116055891904H
112 91331000327894800N
113 91320100MA1YLN20XT
114 912200007231957532
115 911103021022085314
116 663784870
116 675699163
117 400012369
118 91440101MA5CBL9D8J
119 102167020
119 913100000879390282
120 91320585673924283K
120 149397712
121 198606509
121 91441300617881792D
121 913307001475835380
121 9137000086304878X1
121 91330110MA2CF6TP9X
121 783205749
122 9161000092055556XE
122 91210231MA0Y1N7U6R
123 9133021257365524X8
123 740401723
123 91330110MA2H2QYY2G
124 91320500694456896Y
124 680836716
125 91610000562245835R
125 916101326889746117
126 551350971
127 435231270
127 91610000664144541B
128 192368087
129 9137010078741197XJ
129 91370800706377707G
130 91330000727215176K
130 612017380
131 91610131MA6WPDNH4D
132 51610000MJY25866X9
133 91450200198229141F
134 91610113MA6WKY930J
135 91110115MA00E94N1C
136 91341000704951496L
137 524117296846057718
138 11542334MB0T82612C
138 913205056725028046
139 795424236
139 91310120MA1HR8Q410
140 91320192608959455D
140 575153710
141 91320000714086301P
141 747846223
141 07172572X
141 916501026702156094
141 313437027
141 556950829
141 914301007279484925
141 916101317262650241
141 91320505688344441R
141 91610700713540533W
141 576363752
141 12100000415800106T
141 776895809
141 91370000163070951G
141 91440300715297653W
141 1210000040784087XA
141 11100000015001110H
141 91370212MA3FCG1R2X
141 11120103000149067R
142 91430100MA4L3U0M1J
142 916101310515511016
142 747048520
142 916100007588451032
143 91220000124712368R
143 9133010868905231XA
144 911101085923662400
145 801174860
146 617468180
147 SHTYXYDMT00000019S
148 91440300279351261M
148 91440300MA5EPYDL24
148 91610133MA6UOTM55L
149 054575192
149 12440300MB2C09085W
149 552343175
149 12330600471322006J
149 91220000124712368R
149 683858574
150 134755708
150 739828412
151 310115000911639
151 12330225MB07028112
152 91540195754285145H
153 91350200705420347R
153 111000000000186309
154 121000007343006510
154 12100000615672233G
154 717837449
155 911101085977046328
156 12520300429380333E
157 91130503601248052F
158 589099970
159 91110105592302589A
159 55465134X
160 757444412
160 751691420
161 75210227X
162 311335633
162 12100000400005839D
162 91610133311039789D
163 91510115558221566U
163 914103075860468060
163 580274795
164 765446901
164 91321000711554384A
164 91370900755404951E
164 418585464
165 55855263X
166 91611105MA6TWLTU6G
167 91410000869953094T
167 315471472
168 681953404
169 741070903
169 914403000602655100
169 91500108MA60GNFE8D
169 91420100MA4K2M345L
170 192183445
171 692919455
171 91320500738277671B
171 12610115MB2957738P
172 91441900778341156L
173 91610113729958520H
173 9142000073269495XW
173 911101087855446996
174 91610131MAB0YX2M5K
175 311335633
176 911100007187892239
176 093570431
176 91440300342841395R
177 663003122
177 555223857
178 91320411MA1MMRC92W
178 468047082
178 557368419
178 11131000MB07661028
179 584406812
179 610113200017960
180 91320400704046517A
180 91610000623110222Q
180 12100000401360031F
180 555683159
180 435230446
180 575052725
180 068698759
180 91130000710926983Y
180 91441300MA4UW91312
180 91110105592302589A
180 680985471
180 91440000707655174D
180 220823164
180 729947557
180 91511300671420655E
180 91610113MA6TX64X6E
180 756352591
180 91110113MA01BQF39T
180 52440000MJK835134E
180 913100006073871095
180 713530781
180 126110255869643249
180 91440300683791058J
180 91610000220524447L
180 794101419
180 91320505762845042C
180 60128757X
180 279446850
180 177727600
180 710920397
180 9131000069876516XE
180 91610131MAB0WKQ369
180 612017380
181 916101313110449677
181 91330000779370442Q
181 575154510
181 466006885
181 12410100416047662H
182 91320481MA1MNYLY9X
183 91340000MA2MT9QA0T
184 A1100000MK0040486F
184 91610131MA6UB17885
184 91110000MA01UDNC1F
185 563104233
186 698600285
187 91510100MA62N1BT56
187 664665486
187 735740093
187 91110101736461993J
187 425012787
187 91320500558014129N
187 91420800MA4919U119
188 91310114MA1GUDJK7B
188 91610131583170158A
189 91610131MA6WPDNH4D
190 49850597X
191 710090901
192 91370900755404951E
192 91310000MA1FL2G55L
192 91340100MA2U3X59XT
192 91370200264582788W
192 911101083295724262
192 91320106134927135P
192 91440300MADA5PM808
192 91350000858140397L
192 911103027886014929
192 913212027539080996
192 91440300715212285D
192 911101087488358415
192 91330000727215176K
193 12450000498502795M
194 555537733
195 91310104MABTCY9L0J
196 91430700MA4L79532B
196 913101055758812911
196 91331022773136954N
196 91610103MA7B27YX68
197 91321000711554384A
198 192413773
198 91440113MA59E8P44H
199 673814068
200 91510100MA61U24TOA
201 778167039
202 91110105MA003LE180
202 91610116MA6TYJBB1X
203 916300009265821711
204 91610131MA6U57933Q
204 315252667
205 736550152
205 91110108MA00BAWQ0F
206 610131100093269
206 9151010056966483XG
207 914403006925496340
208 91110000101137049C
209 913701002642865164
210 914401293473844885
211 12140823407780969H
212 E80235062
213 064205953
214 91610113MA6WARKW4P
215 52110108E008942613
215 91340100MA8Q49QH6C
215 91540400710904645M
215 91610131688984465N
215 1210000043523253X6
216 9144010172786204X1
217 589443778
217 720665406
217 91610131583181893M
217 91440300085966161X
217 91330110MA2CF6TP9X
217 914205251827625589
217 91430181MA4R1EUW59
217 785426289
217 349952389
217 91310000MA1FL0TJ7J
217 911101083364640878
217 91330185MA2GMH8U8M
217 599635562
217 081015174
217 91350200155016357A
218 12100000717810692A
219 674253311
220 742804825
221 331330936
222 427401479
223 91320600608308601B
224 773312444
225 52410000514559039T
226 688984377
227 116100000161026935
228 91320100MA1YLN20XT
229 12140100405752286Y
230 91310115MABWJMB0XK
231 740276838
231 91310114570796872F
231 91140100MA0HDJTJ5B
231 91120000783342508F
231 013897232
231 91110108790698393U
231 668573159
231 9135020069304972XK
231 911100000592190074
231 723047531
231 110108013561338
231 440301102763447
231 91610131MA6U6BY397
231 91320214134759768E
231 91640103MA75W8Y4X3
231 91610000681557583Y
231 91510100MA61U24TOA
231 91440606749153199X
231 723001648
232 707653099
232 712562466
232 91110108740050046C
232 91110108696346543Y
233 91120116MA074M8L8L
234 91120000103072365U
234 609669521
234 91641100MA762H5G5J
234 551229661
234 913100005791928139
234 12100000441623908U
234 330198000015018
234 592785103
234 91610131561454643T
235 1232038276828950X5
235 690176379
235 91341324786511717C
235 126100004364513209
235 12321300595589060D
235 110105014408773
235 91350000705363039M
235 134760240
235 91440101618652334F
235 91440300MA5FEHH35H
235 91610131MA6TX2042N
235 911100007693505528
235 91330683MA29E3XW54
235 610000100026417
235 000018630
235 678186670
235 91320214354967841M
236 91440300693964493K
237 91440300279441291K
238 911100004008350905
239 91610131311109513N
240 91440300329617129R
241 726171714
242 91610113MA6U4EAU43
243 91610000078624171U
243 708569809
243 911501026706606734
243 916101313224044469
243 11440307007542910M
243 427403386
243 315252667
243 553165075
243 763574897
243 91440101724308182L
243 91430100MA4QWBJ977
243 MA017C682
243 120225000034644
243 75024950X
243 055460258
243 9137021471377302X6
243 553867739
244 91310000342024942C
245 79413056X
246 91110106685759254L
246 121100004006894760
246 761961869
246 91610135MA6WPKMD4Q
247 913100007659516415
247 91610131MAC0D3BLXN
247 590448621
247 911101085996755568
247 91410300MA9LBPGU8B
247 221703834
247 1241000041630557XM
247 914107023176772043
247 9111010908969401XT
247 330106000038825
247 570374311
247 11370600MB23076121
247 610140100026179
247 1153292901524979X3
248 91440300MA5EYBE97T
249 913200006701412838
249 MA1MKUKH6
249 913710001666819938
249 MA345RKL6
249 91140000728183970G
250 668680210
251 91370100MA3D6EFJ6Y
251 91370200163562681G
251 91520114MA6EGJE17C
251 914404005974619842
251 588707612
251 91320213346515642R
251 911101087521791704
251 91510100MA6CGKQT37
251 91610131783581752R
251 607396099
251 579668834
251 12100000426092408R
251 9111010578098904X0
251 91310110MA1G9BLJ1F
251 91610112MA6TXHGY02
251 9131000013221158XC
251 91310115765305068E
251 171780793
251 752122457
251 719715867
251 91310000MA1H37DQ5W
251 91610000776953087L
251 91530000748260566K
251 723001648
251 722715964
251 10001686X
251 294205983
251 91440300745160041D
251 913701021630583544
251 12440309MB2D09078R
251 9133021257365524X8
251 719879159
251 70778462X
251 913100003510899832
252 12370000427600064Q
252 91310000MA1FL0HA77
252 913301006798984263
252 91110105MA019EX05G
252 91110108565309179W
253 91610104MA6UPF344W
254 11100000000014568J
254 91440300779871060C
255 91440300618835683R
255 91510100MACW4R1T7X
255 926642656
255 110000410300393
255 916101317578367584
255 12100000MB2000725A
255 091567714
255 91350200MA323K9H1R
255 91520000761388505T
255 9137000086304878X1
256 91510100569651852H
256 724833905
256 77000442X
256 91310000MA1G30FM50
257 1232000046600728X4
258 91610000797924728K
259 736756134
260 91330104311288494N
261 91210212118612029E
261 914408007718540041
261 132824749
261 631242700
261 683791576
261 79969310X
261 732667046
261 911401000562811479
261 438003257
261 91430100070591256B
261 913301060743309183
261 799944095
261 91610116MA6W82J58C
262 916101032942556067
263 294436837
263 121200005565415668
263 91610131623902115Q
263 913306046702775512
263 734246878
263 768516506
263 01016224-9
264 126101005660140499
265 52320602MJ69216358
266 670552402
266 916101357588173484
266 913101045559951369
266 914403006658564361
266 435232169
266 913302817342468784
266 91110108558521630L
266 91110108742600339T
266 914206007068842583
266 91440000100017600N
266 91110108791603851A
266 91320000134760240A
266 9144030066268758SF
267 91610131MAB0L3M93K
267 310141400029033
267 101909571
267 X10519826
267 750244805
268 12610326593330709T
268 774730509
268 91320594837700981U
268 12100000489558586R
268 H0420141X
268 91310115764717458E
268 91610324X23199008A
268 91440300279293591L
268 91440300319776273R
268 761298956
269 91441900789486449U
269 192183445
269 9136010673390965XX
269 91610000570658373Q
270 772551611
271 785426289
272 610131100120626
272 91110000101685475Y
272 436976231
272 121300004024685546
272 772551611
272 91310104782822163Y
273 068848104
273 791694327
273 294204008
273 914401013401907528
273 163586114
273 9151010009940774XB
273 333659137
273 073118245
273 11610104013398249E
273 91310110682265240Q
273 91110108396039429X
274 306374259
274 31509104X
274 609669521
274 91620200063943073R
274 12451200499578572D
275 584406812
275 914403007586285126
275 91120222MA821GMM21
275 91320211773239179Y
275 91520100MA6DN7B8XR
275 438003257
276 12100000466008522W
277 9165000045760113XW
277 12100000450720814K
278 91440300MA5GLMQY9F
279 710590797
279 9151010009940774XB
279 52610100775910341A
279 91110000633027609B
279 91610131333634538Q
279 666287941
279 401359495
280 911301002360249653
280 91430100MABQJQD75E
280 9111000063379674X4
280 323193185
281 91310104312137110E
281 92858383X
281 91110108579045776T
281 752137392
281 429203011
281 91520000914401695T
281 91500107MAABTJ9D9L
282 9135020007937301XB
282 466001849
283 70779772X
283 91310112342168292R
283 91610000220524500G
283 306324358
283 590391936
283 91610000794141779E
283 12610000437202502A
283 91110108722617344J
283 91310000132257510M
283 91370200706456667X
283 40210374X
283 126101117578444911
283 556407500
283 707657532
283 91110108100018355R
283 91440300X18937467Y
283 773282177
284 717740639
284 115325000151928341
284 91610131668680210X
284 729946255
284 435230200
284 91310120MACQDB1W15
285 9131000059313314XW
285 915300000776468469
286 719732317
286 570230756
286 691181719
286 142916794
286 91610131552317153P
287 9111010155855263XP
287 059360772
287 913701002642865164
287 91350603764072282R
287 91110108101194908R
288 916100007941416055
288 510109000573877
288 91440300055103541K
288 914403005642472289
288 60000964X
288 91330201084755055P
288 723043063
289 91440300791738553L
289 91441900551652806P
289 91210106734646302G
289 229211156
289 915200007553929974
289 91370100307001737Y
289 91110108101100756T
290 52440300571976648L
290 12140000MB1J708767
290 435202322
290 11642223010169758U
291 91310115MA1HA1P43J
291 911101087003918234
292 054575192
292 9137010055370186X6
292 914403005788488681
293 11100000000014568J
293 91350100766168712C
293 91310115322176404J
293 91330108699845890R
293 MA59ATAU7
293 91310000MA1FWL4D6U
293 756581669
293 MA1FW3LD5
294 698647956
294 91110102553082413K
294 727900106
294 762420685
294 620025161
294 563104233
295 91610103057100379W
295 729222695
296 91610131MA6U4N4M5R
296 91110108MA01PJ7G1C
296 400008650
296 12320400467289477N
297 9154242278354111X5
297 914110001742750390
297 12610100MB295924X4
298 91320115608968458N
298 91441900673133772K
298 915301006812986573
299 913501250843128363
299 726261963
300 75098706X
300 797555619
301 916100006949316699
301 91131122788699872N
302 91330108MA2CFL924H
302 913401001492097421
303 91640000735972927P
304 9133010868905231XA
305 722715964
305 592239874
305 11520382009856745P
305 526100007836652519
305 9137050073579290X6
305 9161000043523114XR
305 08103229X
305 610502300008016
305 698825628
305 715480116
305 91520900322471673Q
305 9135020530328061XK
305 801144696
305 55915967X
305 440300202786325
305 9111010875824501XM
305 169968471
305 12410503577629647B
305 914403000751938209
305 91320594MA1MHWRC9J
305 9133010379666758XT
305 916400003950539668
305 085995552
305 91410103788090135J
305 91440300192382487H
305 911506911169612847
305 9161000067154907XN
305 9151010067966155X9
306 730980020
307 913101151345129170
307 91440300727142659G
307 768804903
307 748703478
308 335534020
309 74127368X
309 570796872
309 913202146079228459
309 91441300734122111K
309 096273715
310 91370000614070564Q
310 719172532
310 913716233346877972
311 526101003415549689
311 91610103MA6UU14FXN
311 916500006702236769
311 72743351X
311 91330100721062535Y
311 085480778
312 717825958
312 91440606749153199X
312 MA009MR32
312 192195761
312 91370214MA3F9H6BXC
313 685750815
313 722997404
313 254200715
313 91610131092777254Q
313 91610131MA6TXJ532M
313 91110000102043722T
313 91310114087892338U
314 088862130
314 705487306
314 913201157031141514
314 799944095
314 91652700761136359N
314 12100000400014620M
314 91532625MA6K630Y5C
315 91610131MAB0KTR66Y
315 9144030076495949XU
315 91350900587527783P
315 91350200705487306K
315 91320382MA1UTH7PXL
315 783583889
315 331366736
315 126108304368550772
315 059893448
315 717830706
315 914403007271508191
315 91610131333765327A
315 9113112467030680XX
315 595925730
315 91350200302815459D
315 12340000486166325F
315 596643970
315 700000458
315 631242700
315 760897631
315 91330106MA2CDTW48T
315 712780981
315 916501023330811951
315 014108987
315 91310105MA1FW0E22R
315 767715095
315 123307824717706267
315 333810546
315 91110000101506051G
315 666215921
315 52610100791686060D
315 91110101773378830T
315 91330301757092939D
315 733110602
315 91610131MACWC7ET9D
315 91610132MA6WCTJG3R
315 91320214718646185X
315 400852798
315 717801710
315 91370100734712031N
315 748945215
315 91130105572844428R
315 708173759
315 594765624
315 913701006772673139
315 425013667
315 710924128
315 91460000774276617D
316 916108067552298905
317 750241145
317 91610139MA6TY39997
317 115323000151672681
317 91150621566925360P
318 436152304
318 000018630
318 91610000752121921P
319 9151000067837409XB
319 100004447
319 91610113220912546B
319 913702113341616485
319 198221350
319 11542334MB0T82612C
319 590284372
320 911400008100158102
321 710929113
322 91330000552888095Q
322 914201006634954626
322 91320202323941278Q
322 916101310810046510
323 52320000509200144W
323 340100400002643
323 91370212561185850X
323 9161010477590294XJ
323 91410100MA44KP5T4T
324 69984189X
325 91440300MA5EWAK59J
326 692919455
326 562678091
326 91410100MA40QQDMX4
327 664139064
328 91440300676666021L
329 057674532
329 91330200717882426P
330 192382487
331 718646185
331 91440300760482233Q
332 590391936
332 192275518
332 91440300326623208J
333 592934666
334 551373487
334 558087408
335 91120113103063864L
335 057147791
335 91610131MA6UUUY90P
335 MA6TY1HK4
335 76454055X
335 91110108MA003WM35M
336 91310112672705169A
336 580766765
336 91530400217660202R
336 134513741
336 600568759
337 089331980
338 91610131MABN0RF905
339 121000004000079733
339 9137021471377302X6
340 89370600MC44962544
341 91350000260188521B
341 91420100MA4KWM3B68
342 755287847
343 745971303
344 91110107693228939J
344 435232169
344 631651029
345 563971249
346 294242442
346 91110108551385082Q
347 333706554
347 9112011671092921XD
348 91110000710929498G
348 MA0044ED5
349 91141000813097751Y
349 12100000435230382X
350 12100000717821076H
350 126104044357020447
350 607276425
351 91440300892254961D
352 91530000216522297L
352 91610104MA6WN7ED7Y
353 699632780
353 91370200264708731L
354 915400007109052503
354 916523007611344094
354 91610131MA6TYGPX20
354 796322469
354 91320211MA1NN3FRX3
354 91650100670239002U
354 91130101MA07X1YY0G
354 911101087239566045
354 585299094
354 91330900089482367E
355 MA1K321R6
356 11511425MB1D83209H
357 679068342
358 91500107MAC1DYPX2K
359 43523253X
359 305844466
359 91320116575949655F
359 91500120MAABT5FR3C
359 91110000777054454K
359 435230972
359 087727631
359 91610131333723979A
359 913401001490675962
359 916101046786230334
359 695739978
360 911301046760329698
361 91320505688344441R
362 688720056
363 733524418
364 051439371
364 91610131092777254Q
364 52440000MJK835134E
365 761823810
365 450402808
365 91610000779909559B
365 12440000456488032C
366 125109234515711018
367 91330108MA27XNADXX
368 720082446
369 91440300752547690E
370 009285356
371 694883679
372 913702001635787718
373 730009373
374 300466961
375 52110000MJ01510431
376 575468915
377 1233000047000441XK
378 797050338
379 054575192
380 91610104MA6URH7A5T
381 016085176
382 581042961
383 121502004601434672
384 053680417
385 773370695
386 914403000602655100
387 12350000489952225G
388 81110108358995305P
389 06256395X
390 756558741
391 440301102763447
392 91610131MAB0RLBCX0
393 126100004352006429
394 9113100008376462XH
395 91522300761390445F
395 91110108101909571P
395 12411303MB0U88919H
395 220521692
395 435230059
396 300669769
397 91610131311091149Y
398 064205953
399 914403006188286861
400 9111010833037278XM
401 91610102757822129D
402 911101055694509036
403 126100004352305265
404 699845890
405 91440400892545240W
406 91530000748260566K
407 797459424
408 91110105MA01NPJ964
409 91410184554230940W
410 726365869
411 9151101157525196X0
412 914403006785822787
413 628054450
414 582556438
415 91370102MA3C7RTMX9
416 91611105MA7DDR2J4D
417 727152697
418 91530000753589884U
419 MA1FY0673
420 914403006837811834
421 91110105MA001LTR54
422 322324884
423 91652900313442379A
424 91450200579402745G
425 466008522
426 779500665
427 214414313
427 91440605MA5524UDX2
428 91530000697966365B
429 425000081
430 681024525
431 783991313
432 12321000E89544451G
433 630000210000059
434 91610113722858930B
435 91110302779505853D
436 913305008469540001
437 913700007357889006
438 91341124MA2MR2UM4K
439 684748828
440 350298100000405
441 91320582060245579N
441 623100438
441 52410100MJY4503951
442 713523872
443 91320000323703931R
444 MA1K42FE4
445 733599532
445 677267313
446 9144030031977063XH
447 91110107MA005QGK0E
448 333726387
449 596304143
450 913705001647212695
451 91610138MA6X2JDE8W
452 91130101MA7BRNX184
453 91510704MA68BCFA5Y
454 78508010X
455 734300651
456 748610845
457 132287752
458 697927876
459 91110108061292553X
460 9142010058487806XJ
461 11141032MB1668280H
462 91320111660650308K
463 566010566
464 91320700138970480K
465 91310104MA1FRQ4B6E
466 553064290
467 91440300056175213G
468 91310104087946551W
469 192431912
470 91340100MA8Q49QH6C
471 91440300689446407U
472 405747137
473 A1100000MK00404432
474 675811602
475 91511529731602670K
476 913702007335360649
477 174725490
478 914403005788488681
479 425023566
480 91331100148440061D
481 91310000736239890T
482 913301053283088850
483 916101313219585430
484 707653099
485 91420100783194808R
486 9161013129426609X6
487 726090084
488 597887897
489 11110000MB1J9785X5
490 915101007854262892
491 9162000074586994X0
492 919673446
493 110108001171738
494 91610131311089516B
495 11533001579825561A
496 91610000717801710H
497 91440101724308182L
498 914403003062861600
499 12530000431202384R
500 220533458
501 91420100MA4KWLJ560
502 100017600
503 MA6TXFRW9
504 91320594323761357B
505 604608172
506 915101007854262892
507 91610132MA6U1P21XJ
508 264460203
509 279303622
510 91500000202814854G
511 91320302MA1WLWH242
512 91320115724588823N
513 625911779
514 775932364
515 321981874
516 915200007553929974
517 301716774
518 91320700553824966N
519 913205947333386580
520 914403006718876931
521 91440300335003932P
522 91530400709809165E
523 794968442
524 913207001389723206
525 400011040
526 91330108676770486E
527 794302755
528 783580469
529 558930047
530 11510000450723492N
531 672997966
532 91320191MA20DE2532
533 91340111MA2TK6J62Y
534 91440300279533137K
535 91632100226800035D
536 91500000202802570Y
537 91610000580775055A
538 077301848
539 91310105MA1FW0E22R
540 310876219
541 916100007552203869
542 915300000776468469
543 055631619
544 791389373
545 91110000717843275N
546 748856239
547 914301005743174612
548 727152697
549 318187880
550 051388463
551 916100005556814363
552 91450422MA5NXP0Y3D
553 91610000577842771N
553 MA6TY16T8
553 66527177X
553 91511500MA7DG0NA78
553 570202405
554 697704656
555 12100000400000608P
556 9112011656611922XT
557 12100000400008730H
558 9132109155380288XE
559 216544891
560 91360504309187037R
561 91350200612261252T
562 577305570
563 91110105MA007U0L9Q
564 911100001017004524
564 91320505572550606X
564 41275487X
564 91610131MA6TX5GA1A
564 91140800054177338F
565 684430123
566 618445482
567 069690847
568 783666385
569 91110113MA0041060X
570 91440101728199278C
571 91610000920552756U
572 916100007273637267
573 12100000717817747W
574 703414699
575 52370687MJE339666T
576 561297537
577 91610000220521123F
578 91330109MA2GMYW79H
579 067917649
580 91350200302857907U
581 165855840
582 791698846
583 91330109788257521W
584 91310000751866155L
585 440301102763447
585 91330100716105852F
585 11220100013826565W
586 227695521
587 9161013159632120X6
588 052663674
589 913101157472962842
590 306642700
591 91650100789869140B
592 91370600696897062Q
593 91330108MA2KHKNG31
594 12410000417219294H
595 773822719
595 727938817
596 91610131MA6U1E4Y2Q
596 911101086000408158
597 132198231
597 91966526X
598 91110000700049024C
599 110108010410820
600 91110114MA00BBGN7U
601 91110105MA0055YA61
602 91610103333714749R
603 91430100794738639Y
603 727378549
604 294490163
605 91510800205803587W
606 9135000015815726XT
607 592366240
607 670024546
608 9161013157843038IQ
609 911101013363855736
610 L19096674
611 91330108MA2KKB0K1N
612 9144030073882572XH
613 914201007483125655
614 91310115MA1K470G91
615 330198000015018
616 911201163004579939
617 9111011309982691X6
618 748614467
619 436316663
