196	1390
196	1471
186	1089
186	1029
186	154
186	1441
22	1142
22	941
22	51
22	1098
22	1073
22	1320
244	472
244	1218
244	1488
244	779
244	1473
244	864
244	828
244	236
244	804
244	525
166	635
298	1040
298	1521
298	920
298	411
298	154
298	710
115	911
115	1564
115	458
115	766
253	311
253	356
253	1276
253	51
305	564
305	689
305	968
305	1310
305	627
305	74
305	1419
305	104
305	1063
6	1313
6	982
6	346
6	33
6	417
6	38
6	4
6	295
6	851
62	1557
62	484
62	1334
62	813
62	1248
62	1021
62	60
62	548
62	749
62	1479
286	1189
286	420
286	8
286	187
286	214
286	1229
286	729
286	388
286	1338
286	825
286	1099
286	61
200	770
200	138
200	1636
200	606
200	793
200	408
200	822
200	1505
200	629
210	1280
210	251
210	1228
210	1386
210	431
210	1608
224	1156
224	501
224	417
224	615
224	995
224	683
303	35
303	1305
303	365
303	1259
303	36
303	848
303	1518
303	1615
303	1194
303	1405
303	1453
303	306
303	885
303	1319
303	1276
303	322
303	1243
303	1185
303	689
303	1574
122	1266
122	1656
122	295
194	1101
194	583
194	700
194	1479
194	1539
194	1549
194	1089
194	1342
194	738
194	1092
194	1303
194	319
194	810
291	806
291	1030
291	998
291	1084
291	1164
291	321
291	57
291	1201
291	1470
291	453
291	794
291	342
234	1199
234	410
234	1486
234	1290
234	400
234	512
234	1419
234	1179
234	1332
234	426
234	302
234	1510
234	1391
234	502
234	1606
234	716
234	1129
234	849
234	1247
234	900
119	1111
119	265
119	135
119	1626
119	247
119	1391
119	902
119	765
167	1521
167	1395
167	987
299	90
299	920
299	568
299	331
299	1574
299	912
299	66
299	809
299	1452
299	1375
299	43
299	1599
308	387
308	1284
308	1194
308	422
308	1349
308	560
308	875
308	311
308	1461
308	1419
308	1068
308	1418
308	388
308	1567
308	688
308	1658
95	1235
95	638
95	1197
95	836
95	911
95	847
95	1664
95	746
95	1445
95	85
95	1198
95	1065
38	938
38	349
38	412
38	1174
38	1435
102	1300
102	377
102	727
102	526
102	1070
102	740
102	1605
102	1620
102	49
63	1184
63	1425
63	1058
63	168
160	487
160	1221
160	749
160	251
160	236
50	1644
301	1256
301	580
301	1205
301	1073
301	1265
301	231
301	1288
301	898
301	120
301	1262
301	1502
225	229
225	402
290	620
290	1604
290	587
290	1237
290	1518
290	1638
97	487
97	792
97	1658
157	998
157	1032
157	1161
181	905
181	1140
181	31
181	90
181	639
181	1611
181	1642
181	3
181	1240
181	1482
181	253
181	987
181	527
181	1072
181	640
181	1024
181	50
181	315
278	1022
276	253
276	299
276	1527
276	394
276	1002
276	675
276	1198
276	654
276	1406
276	1255
276	1462
276	1444
276	1557
276	1470
276	1275
276	1337
276	75
276	1082
276	1080
276	598
276	1505
7	1302
7	1104
7	34
7	48
7	1257
7	110
7	1050
7	1084
7	771
7	1063
7	359
7	271
7	1218
7	1052
7	124
7	1099
7	932
10	1250
10	534
10	233
10	348
10	1056
10	999
10	408
10	660
284	952
284	176
201	1595
201	1388
201	1085
201	863
201	570
201	783
201	909
201	1537
201	1472
201	907
201	290
201	1102
201	798
201	608
201	1542
201	1433
287	1303
287	1027
287	580
246	505
246	253
246	815
246	1655
246	1003
246	1165
246	1325
246	1175
242	1377
249	481
249	74
249	979
249	836
249	758
249	315
249	67
99	711
99	960
99	303
99	234
99	336
99	82
178	467
178	777
178	537
178	77
178	936
178	383
178	1163
178	1105
178	1292
178	1486
178	1208
251	1361
251	1419
251	576
251	1213
81	203
81	1368
81	1521
260	1027
25	1023
25	954
25	1375
25	455
59	152
59	665
59	563
59	780
59	1468
59	1506
59	1211
59	1096
59	672
59	763
59	662
59	888
59	857
59	567
59	455
59	1175
72	1427
72	153
72	1641
72	1663
72	852
72	918
87	1211
87	1639
87	1068
87	884
87	408
87	672
87	574
87	1140
87	337
42	1069
42	367
42	246
42	379
42	1297
42	1202
42	1001
42	852
292	1224
292	517
292	451
292	418
292	1201
20	424
20	334
13	1315
13	583
13	1308
13	932
13	1300
13	1416
13	1015
13	1675
13	593
13	1065
13	595
13	1319
13	1110
13	1204
13	1410
13	1426
13	628
13	1468
13	366
13	1599
13	577
13	460
13	1469
13	456
13	996
13	680
138	388
138	1033
138	731
60	55
60	1235
60	1349
60	1222
60	1617
60	579
60	1611
60	150
60	1378
57	1326
57	721
57	705
57	1296
57	785
223	1054
223	1457
223	1137
223	1349
223	250
189	688
189	1493
189	1356
189	1456
189	272
189	307
189	583
189	1261
243	1005
243	136
243	205
243	1297
92	319
92	1568
92	499
92	853
92	1467
92	646
92	1066
92	694
92	1061
92	775
92	733
92	981
92	1228
92	308
92	564
92	711
241	1522
254	1345
254	1224
254	960
254	1303
254	1191
254	1445
254	1384
293	723
293	1655
293	201
293	1605
293	641
293	611
293	1138
293	94
293	1567
293	1660
293	752
293	1345
293	1239
293	762
293	1290
293	1440
127	868
222	469
222	912
222	923
222	947
222	1073
222	443
222	1446
222	1559
222	434
222	1253
222	581
222	439
222	1312
222	918
222	774
222	1298
267	664
267	1256
267	1280
267	862
267	1164
267	117
267	1332
267	1372
11	1512
11	961
11	476
11	248
11	101
11	348
11	1277
11	1578
8	1555
8	1416
8	20
162	626
162	1334
279	1276
279	1403
279	1505
279	916
279	1636
279	1166
279	1477
279	91
279	1513
279	738
279	582
279	110
279	1085
279	1664
279	931
279	1318
279	699
279	213
145	1654
145	801
145	1016
145	1293
145	1442
145	248
145	94
145	24
145	843
145	1314
145	679
145	283
145	522
28	703
28	1128
28	1221
28	270
135	7
135	967
135	123
32	1339
32	1619
90	1309
90	1518
90	1090
90	645
90	231
90	567
90	1250
90	1547
90	1436
90	1541
90	326
90	949
216	1607
216	307
216	335
216	921
216	798
216	305
250	199
250	1385
250	972
250	1351
250	776
271	544
271	1506
271	75
271	1363
271	1134
271	131
271	492
271	53
271	611
271	1644
271	245
271	1521
265	1353
265	81
198	1241
198	716
198	420
198	686
198	1440
198	1467
198	1084
198	1292
168	1208
168	1155
168	762
110	125
110	623
110	1343
110	880
110	102
110	76
58	224
58	532
58	619
58	1168
58	1046
58	372
58	794
237	188
237	921
94	248
94	1484
94	258
94	599
94	1315
94	498
94	494
94	724
94	931
94	113
94	674
94	87
94	1067
94	940
94	1078
94	291
128	1217
128	1109
128	1353
128	658
128	781
128	153
128	406
128	127
44	1279
44	1597
44	61
44	435
44	1348
44	1315
44	309
264	1202
264	1258
264	1058
264	748
264	890
41	1299
41	915
41	57
82	806
82	75
82	1143
82	815
82	1158
82	964
82	973
262	1169
262	620
262	289
262	605
262	851
262	637
262	1450
174	698
174	256
174	307
174	443
174	500
174	863
174	218
174	890
43	436
43	1115
43	384
43	635
43	999
43	442
43	675
43	896
43	1622
84	817
84	1098
84	531
269	468
269	317
269	1079
269	827
269	860
269	1112
269	392
269	280
269	313
269	1456
269	1616
269	1204
269	19
259	700
259	42
85	930
85	233
85	344
85	1017
85	823
85	1159
85	1437
85	869
85	1406
85	396
85	1523
85	724
213	1607
213	202
213	34
213	559
213	893
213	1285
121	804
121	317
121	1538
49	1672
49	275
49	157
49	974
49	1469
49	1391
49	749
49	51
49	1422
155	1329
68	1604
68	1417
172	744
172	1387
19	566
268	1510
268	731
268	1167
268	1000
268	965
268	1217
268	377
268	547
268	1278
268	692
268	1487
268	387
268	171
268	742
5	1190
5	1619
5	64
5	118
5	1413
5	1305
5	729
80	932
80	1187
66	1048
66	341
18	722
18	337
18	1056
18	433
18	1395
18	1475
18	1303
18	1034
18	681
18	1372
18	128
18	1182
26	1126
26	390
26	1535
26	225
26	183
130	650
130	1110
130	1376
130	831
130	1513
130	316
130	860
130	120
130	743
130	136
130	1551
130	77
130	986
130	521
130	688
256	836
256	446
256	1313
256	1331
256	832
256	1279
256	338
256	536
256	1108
1	397
1	339
1	1478
1	1378
1	1470
1	1217
1	1409
1	729
1	478
1	1599
1	1094
56	341
56	330
56	638
56	1617
56	1031
56	338
56	374
56	1310
15	727
15	807
15	1365
15	543
15	60
207	888
207	824
207	1164
207	372
207	1282
207	1409
207	607
207	1066
207	32
207	1573
232	1676
232	80
232	1326
232	1032
52	486
52	1188
52	1387
161	143
161	1100
161	780
148	652
148	835
148	945
125	133
125	784
125	727
125	370
125	604
125	1632
125	1065
125	579
83	1479
83	1397
83	1107
83	886
83	1229
83	1380
83	794
272	397
272	956
272	952
151	1658
151	1129
151	1333
151	1111
151	1066
151	145
151	1290
151	1089
151	1510
151	1490
151	311
151	896
151	269
54	1101
54	1366
54	1110
16	311
16	1116
16	681
16	1086
16	829
16	1035
91	448
91	1544
91	467
91	496
294	1595
294	1345
294	253
294	1307
294	423
294	174
229	917
229	1043
36	942
70	740
70	189
70	431
70	78
70	781
70	1626
14	563
14	1200
14	513
14	595
295	1284
295	1164
295	803
295	1514
295	89
295	314
295	979
295	1547
233	337
233	706
233	1371
233	58
233	1640
214	438
214	1488
214	911
214	1124
214	158
214	47
192	508
192	304
100	1473
100	1302
100	165
307	238
307	293
307	617
307	760
307	764
297	907
297	1433
297	668
297	1152
297	304
297	54
297	1107
297	1452
193	1269
193	54
193	1495
193	670
193	1507
113	1654
113	1321
113	1244
275	940
275	604
275	412
275	214
219	361
219	739
218	121
218	645
218	1388
123	568
123	870
123	1112
158	1522
158	635
158	628
158	749
158	1322
158	214
158	87
302	1642
23	330
23	1349
23	1436
23	1283
23	352
23	1080
23	1120
296	1596
296	699
296	968
296	223
296	1268
296	216
33	563
154	272
154	811
154	739
77	1216
77	20
77	509
270	1634
270	454
270	347
270	501
270	1137
270	431
187	1403
187	31
187	1587
170	303
101	1335
101	1454
101	1600
184	1341
184	243
184	623
184	299
184	1487
184	1179
184	437
184	1485
184	1581
184	453
184	1615
112	1057
112	1431
133	512
133	244
215	1555
215	1537
215	1147
215	1125
69	276
69	1326
69	152
104	31
104	852
104	837
104	1179
104	369
240	900
144	39
144	1233
144	350
144	206
144	1169
144	1091
144	1148
144	1058
144	34
191	1589
191	199
61	912
142	1275
142	865
177	83
177	26
177	1158
177	1066
177	1454
203	35
203	224
21	1282
21	624
21	623
21	1413
21	1499
21	342
21	1485
21	1352
197	702
197	832
197	468
197	833
197	610
134	403
180	1506
180	130
180	753
236	1317
236	1305
236	243
236	436
236	478
263	1191
263	1664
263	1506
263	459
263	1012
109	1103
109	457
109	982
109	259
109	319
109	1429
109	1321
109	661
109	115
109	544
64	640
64	1314
64	1077
64	102
64	1037
64	752
64	1189
64	1471
114	1073
114	16
239	685
239	1457
239	1209
239	542
239	1104
239	112
239	698
117	1121
117	1304
117	679
117	1167
65	1241
65	115
65	1342
65	441
137	1414
137	1245
257	925
257	133
257	483
111	1345
285	1545
285	1630
96	45
96	1137
96	1040
116	32
116	520
116	1302
116	1490
116	138
116	1402
73	1225
73	590
73	362
221	981
221	878
221	1488
221	1509
221	270
221	365
235	236
235	954
235	602
235	690
164	192
164	187
164	418
281	1519
281	721
182	328
182	1512
129	1104
129	514
45	778
45	1011
131	353
131	799
230	613
230	946
230	1041
230	206
230	1643
230	729
126	1451
126	860
231	992
280	258
280	1530
280	24
280	1483
280	1568
280	1175
280	65
280	1507
280	249
280	511
280	747
288	895
288	1256
288	1602
152	1679
152	1235
152	613
152	1171
152	851
217	365
217	227
217	99
217	494
79	158
79	816
79	231
75	1605
75	150
75	750
75	1055
245	396
282	1474
78	723
118	155
118	1638
118	1477
283	1610
283	1248
283	704
171	189
171	1652
107	542
226	189
226	151
306	901
306	583
173	1349
173	638
185	1265
185	1292
150	728
150	642
274	1439
274	475
274	232
188	929
188	414
188	988
188	1213
188	242
48	509
48	781
48	818
311	942
311	254
311	1212
311	617
311	458
311	1611
311	360
311	1082
311	1421
311	1042
311	379
311	1121
165	731
165	900
208	1099
208	534
2	62
2	226
2	1034
205	1172
248	1223
248	23
248	1208
93	535
159	887
159	886
159	922
159	623
159	906
146	1047
146	653
29	1524
29	1235
156	848
156	877
37	993
37	880
37	1558
141	1455
141	496
141	917
141	1437
141	1019
195	650
195	346
195	1024
195	481
108	1367
108	849
47	1233
255	825
255	1163
255	1224
255	1373
89	1612
89	1061
89	360
89	1168
140	868
190	174
190	107
190	840
24	1260
24	1167
24	487
17	513
17	1453
313	711
313	1619
313	280
313	653
313	1363
313	1119
313	1054
313	1172
313	1547
313	212
313	436
53	512
53	1681
124	749
149	1179
149	556
176	726
176	1038
176	454
106	262
106	512
106	1191
312	1509
312	577
312	237
312	699
312	67
312	1456
312	231
312	1592
312	127
175	977
175	167
153	594
220	1051
143	767
199	1318
199	735
202	880
277	1295
277	1152
277	1319
206	1208
206	1679
206	885
76	1501
76	1547
76	362
76	245
314	1079
314	550
314	1441
314	1124
314	1232
314	1283
314	231
314	1344
314	1157
314	758
136	1239
136	1369
179	1337
179	1468
4	1481
304	666
304	604
3	1338
3	887
3	731
227	1383
227	1284
227	1399
252	122
212	550
310	1379
35	1323
147	521
105	1041
34	632
71	1294
71	1159
51	1567
204	1167
204	1327
315	1656
315	902
315	1503
315	83
31	846
31	374
316	1338
316	431
316	121
103	455
103	1333
318	1574
318	1482
318	1642
318	60
318	1501
318	1518
318	1407
30	1338
30	66
120	1091
120	1410
46	777
46	1324
289	257
289	1305
209	878
209	919
261	292
261	967
88	170
9	668
247	1109
247	964
321	1112
321	393
321	1051
321	1072
321	1213
266	1077
74	1552
74	1006
238	1391
238	509
319	1086
323	115
323	1513
323	1087
323	357
67	739
67	1275
211	23
211	1206
98	1623
98	140
12	1339
12	76
12	86
40	17
40	1108
258	1336
228	714
325	1047
325	414
325	251
325	1574
325	981
325	31
320	1160
320	113
320	746
320	1499
320	1048
320	14
320	1273
326	795
326	447
326	137
326	1278
326	1142
326	1628
326	783
326	1500
327	1541
327	800
327	1627
327	1612
327	697
327	704
327	141
327	291
327	923
327	634
327	1461
327	1027
183	1274
183	1323
183	1381
328	842
328	1071
328	561
328	335
328	142
328	1177
328	824
328	140
328	1564
328	266
328	590
328	1351
322	1094
322	927
322	1421
330	716
330	1260
330	780
330	436
330	546
330	1165
27	431
331	1453
331	103
331	696
332	887
332	1638
332	126
332	737
332	1297
332	388
332	171
332	960
329	1423
329	1564
329	961
86	1429
139	144
300	528
163	564
333	1186
333	547
334	1197
334	1392
334	1275
334	1474
334	1393
334	1417
334	786
334	165
334	1326
334	1300
334	958
334	692
334	1227
334	1143
39	1573
324	681
324	36
324	130
132	206
336	1237
336	470
336	685
336	1046
336	1542
336	183
335	1404
169	347
169	1027
338	422
338	545
338	1611
339	1204
339	558
339	334
339	1182
339	1524
339	415
339	1342
339	1067
339	1010
339	1076
339	456
309	579
342	1449
342	1429
342	919
342	419
342	1244
342	628
342	1045
342	1481
342	953
340	680
340	1620
317	86
341	1066
343	445
343	537
343	457
343	1610
343	1314
343	1065
343	605
343	634
343	1222
343	1253
344	418
344	983
344	759
344	1022
344	515
344	1456
344	1347
344	1679
345	688
345	1164
345	592
345	647
345	1080
345	626
345	955
345	1404
345	671
345	1191
346	1137
346	1371
346	483
346	1374
346	1501
346	1079
346	274
346	242
347	392
347	796
347	761
347	1323
347	1623
347	492
347	1638
347	1101
273	1145
55	456
349	718
349	427
348	1072
348	916
348	295
354	1457
354	1324
354	598
354	1323
354	241
354	1184
354	620
354	219
354	36
354	912
351	718
351	665
358	1221
358	201
352	58
352	1348
360	659
360	54
360	84
360	1527
360	1241
363	1453
363	355
363	463
363	1660
363	1286
363	162
363	1104
363	452
363	1355
363	417
363	948
363	1132
363	1191
355	739
355	700
362	671
357	618
357	1370
357	856
357	1116
356	610
361	1459
361	529
361	1014
361	396
361	34
365	1136
365	714
365	1036
350	1070
350	605
367	260
367	648
367	99
368	357
368	1224
371	16
371	1241
371	329
373	797
373	1443
373	291
373	617
373	598
373	1375
373	315
373	1390
373	222
373	1371
370	935
370	483
370	405
374	1196
374	878
374	1246
374	854
374	690
374	860
374	515
374	1143
374	1373
374	771
374	1462
372	1115
372	1568
372	402
337	490
337	1036
378	331
378	1261
378	371
378	1048
378	1253
378	1480
378	461
378	522
378	1347
378	941
378	846
378	1485
378	1327
378	1209
378	1321
366	1168
366	1297
377	462
377	664
375	611
375	875
359	743
359	855
379	308
379	999
379	1414
379	1566
379	1117
379	480
379	201
379	129
380	1533
380	1373
380	1387
380	266
380	1615
380	1094
380	1419
381	1370
381	1568
381	567
381	352
381	81
381	1340
385	49
385	1303
385	327
385	388
385	579
385	430
385	489
385	1209
385	470
385	1271
385	805
385	1107
382	170
382	1120
382	976
387	713
387	282
387	247
387	617
387	266
387	1453
387	997
387	741
387	143
387	228
387	816
387	730
387	660
364	911
369	759
388	180
388	1215
388	573
386	339
389	990
389	1042
389	1292
389	1395
389	791
389	431
389	1539
389	1595
389	223
389	1283
389	1230
383	1086
383	893
383	732
390	1216
390	1416
393	381
393	1151
393	1559
393	855
393	988
393	439
393	1260
393	938
393	478
393	1104
393	1307
393	682
393	174
393	580
393	475
393	1439
393	1280
393	1138
392	794
392	978
392	391
392	1232
392	1260
376	70
376	942
394	642
394	950
394	32
394	375
394	62
394	1052
391	1060
391	1107
391	634
391	1510
391	590
398	516
398	942
398	1516
398	1102
398	877
398	412
398	619
397	734
397	643
397	711
397	1366
397	663
399	303
399	613
399	898
399	766
399	777
399	1522
399	1530
399	397
399	1073
399	1117
399	1417
399	1573
399	1124
396	1284
396	1424
396	399
401	354
401	81
401	1300
401	1367
401	1422
401	766
401	1383
402	453
402	398
402	546
384	128
395	1438
395	218
395	1635
353	485
403	228
403	1594
405	618
405	169
405	621
405	144
405	1201
405	1183
405	342
405	1353
405	884
405	1296
405	1292
405	890
405	903
405	1368
405	871
405	1011
405	1655
405	1450
405	824
405	1214
405	406
405	927
405	1281
405	1375
405	409
405	1032
405	1500
405	1303
405	623
405	888
400	355
406	999
406	1188
406	710
406	1639
406	689
406	35
406	1053
406	729
406	1191
406	228
406	636
406	1409
406	1619
406	659
407	1228
407	1436
407	917
407	928
407	970
407	570
407	1181
407	1464
407	962
407	745
409	1396
409	1332
409	42
409	869
409	1357
409	948
409	1465
409	257
409	1032
404	525
404	831
413	549
413	32
416	362
416	379
416	1481
416	1459
416	1032
416	487
416	886
416	902
416	1462
416	830
416	318
416	349
416	1040
416	1078
416	1383
416	688
416	1480
416	904
416	207
416	1279
408	280
408	85
410	232
410	730
411	1149
411	452
411	214
417	1631
417	1434
417	274
417	1475
417	389
417	1442
417	987
417	581
417	635
417	189
417	1250
417	608
417	1036
417	1482
417	620
412	36
412	1329
412	682
420	1486
420	411
422	1438
422	624
422	771
422	39
425	1266
425	275
425	948
425	1532
425	1051
425	928
425	1215
425	975
425	1173
419	367
419	422
415	220
423	1381
423	1424
423	1622
429	723
429	260
429	351
429	347
429	825
429	1511
429	812
429	412
429	858
429	604
429	1078
429	1388
429	18
429	750
429	323
429	1604
429	244
428	825
428	1013
428	204
427	603
427	312
418	334
424	619
424	580
432	908
432	760
432	653
421	952
421	434
421	655
435	698
435	980
435	1234
435	738
435	599
435	1037
435	349
435	1201
435	1174
435	837
435	854
435	373
435	287
435	937
435	1107
435	1551
433	719
433	442
426	403
426	66
426	1545
426	597
426	1013
436	1171
436	1428
436	1506
436	652
436	833
436	534
430	1398
430	1132
430	1516
434	558
434	1599
437	769
437	847
437	854
437	1103
437	1159
437	59
437	350
437	1042
437	556
437	717
437	422
438	1489
438	373
431	1374
442	1612
442	650
442	675
442	454
442	1398
442	1501
440	1124
440	89
445	490
445	1356
445	968
445	347
445	1030
445	637
447	1327
447	1424
447	797
447	547
447	291
447	977
449	283
449	1133
449	1232
450	486
450	5
450	1634
450	985
450	54
450	224
450	138
450	484
450	1014
450	1566
450	664
450	1409
450	1642
450	43
450	625
450	927
450	960
450	911
450	1611
450	1169
450	85
450	30
446	1176
446	202
439	669
439	1290
451	489
451	1307
451	1417
451	1162
452	802
452	1210
452	1449
452	695
452	1634
452	772
452	351
452	816
452	500
454	1151
454	915
454	1144
454	1551
454	608
454	539
454	178
454	75
454	1427
454	1330
453	444
453	211
453	933
453	516
453	1062
453	636
453	768
414	160
455	969
455	536
455	160
455	1105
455	329
455	412
455	619
455	105
444	172
448	1431
448	1424
457	663
457	817
457	1477
457	985
457	434
457	260
457	1446
457	705
457	1237
457	177
457	757
457	209
456	504
456	62
456	122
456	822
456	25
456	1301
456	1148
456	1395
456	1131
458	476
458	482
458	989
458	534
458	1620
458	1522
458	1438
458	818
462	188
462	412
459	169
459	1444
459	1200
459	1455
459	77
460	1534
460	1514
460	111
461	1132
467	763
467	1328
468	1644
468	448
468	272
468	502
468	487
468	930
466	36
466	43
466	789
466	1630
466	393
472	459
472	1207
472	434
472	5
472	103
472	1512
472	657
472	322
472	690
472	1398
472	323
465	1593
465	1002
465	146
465	1444
463	635
463	1631
463	752
463	1190
463	1311
463	578
471	436
471	245
474	1035
474	1138
474	361
474	801
474	638
474	1541
474	1318
474	270
474	1448
474	1631
474	1234
474	903
474	220
474	20
469	1480
469	186
464	1332
464	1257
464	409
476	24
476	754
476	1035
476	718
478	686
478	1554
478	1235
478	264
478	16
473	128
473	724
470	661
470	767
470	169
480	1097
480	318
480	1259
441	1419
479	564
479	1448
479	791
479	1080
479	53
479	1414
479	1544
479	946
479	620
484	744
484	338
484	201
484	668
484	960
484	362
486	561
486	441
486	504
486	376
486	803
486	97
486	147
486	986
487	231
487	1405
487	1150
487	379
487	1662
487	831
487	469
487	1513
487	835
487	1582
482	772
482	1324
481	287
481	452
481	1086
492	540
492	296
492	1539
493	1488
493	467
493	649
493	242
493	559
493	26
490	30
490	290
490	614
489	1530
489	429
489	59
489	1367
489	1167
483	1274
483	790
483	1253
496	530
496	395
496	821
496	1129
496	984
496	783
494	44
494	102
495	603
495	278
495	1142
495	535
495	1317
495	1485
495	863
495	1409
495	920
477	619
477	1549
497	1194
497	1369
497	76
497	1511
497	1094
497	1203
497	323
497	554
497	615
497	377
497	895
497	430
488	567
488	554
488	1351
488	1173
488	972
488	374
488	91
498	1337
498	1375
498	764
498	1210
498	964
498	111
499	500
499	149
499	1127
499	1044
499	799
491	238
491	714
500	797
500	985
500	1426
500	1611
500	1029
500	145
500	359
500	55
500	1307
502	325
502	724
503	415
503	223
503	1222
503	1364
503	1501
503	633
503	645
504	480
504	610
504	971
504	55
504	1174
504	933
504	1301
504	793
504	1158
504	160
504	1326
505	1504
505	838
505	1652
505	856
505	1216
506	1589
506	1450
506	225
506	829
506	896
506	614
506	19
506	1478
506	144
506	1283
443	1468
507	209
507	137
507	935
514	1145
514	1214
514	1025
514	984
514	1461
514	1113
514	355
514	1501
508	1463
508	145
508	244
508	1334
511	1189
515	1387
515	471
512	1105
513	1205
475	854
523	1038
523	994
523	1405
523	34
518	1411
518	1542
518	753
509	731
509	874
516	594
510	1080
510	1261
524	123
524	1524
524	1631
524	1378
524	1229
524	822
524	899
524	1183
524	1244
524	916
524	142
524	840
524	1401
501	1036
501	963
501	265
525	1559
525	940
525	117
521	647
521	903
521	771
521	756
521	225
521	53
520	1032
519	922
519	84
528	157
528	349
528	1256
532	1056
532	652
532	1201
532	349
532	1231
532	565
532	878
532	578
532	469
532	290
532	1024
530	1290
530	819
531	1506
531	1599
529	673
529	674
517	442
517	1434
527	609
527	1426
527	1439
527	162
527	1039
527	1208
485	1630
485	439
533	130
533	1479
533	982
533	989
533	1123
533	1397
533	74
533	1305
533	1384
533	541
533	544
535	1635
535	1487
535	279
535	1639
535	1217
535	1145
535	1538
535	755
535	1312
536	302
536	30
536	430
536	1509
536	557
536	25
536	861
526	1121
526	468
526	1306
537	1644
537	1652
537	793
537	987
537	1002
537	297
537	1081
537	1615
537	1605
537	536
537	1096
537	1367
537	1276
537	1169
537	925
537	1628
537	1051
537	1188
537	1607
537	1097
534	224
534	1200
534	1197
534	246
541	255
541	295
541	55
541	907
541	244
541	342
538	201
538	1070
538	909
538	328
542	5
542	1045
542	1604
542	956
542	1208
542	392
545	184
545	92
545	634
545	114
545	987
545	886
545	740
539	896
539	1435
539	570
547	81
543	447
543	182
543	451
543	1178
543	1529
543	888
543	845
543	25
548	434
548	365
548	1641
548	205
548	961
548	1612
548	602
546	1294
546	153
546	1102
522	1031
522	44
551	1336
551	1135
551	681
551	525
551	1415
551	514
551	1202
551	1523
551	1566
551	1116
551	1268
551	1484
551	789
551	1466
544	11
544	1105
553	1416
553	960
553	694
553	1045
552	1514
552	85
552	1348
552	163
540	1281
540	619
540	1311
554	1488
554	1537
554	719
554	27
554	1658
550	1585
550	1215
556	108
556	578
559	1033
559	489
559	1343
559	1072
560	505
560	802
560	445
560	1672
560	28
561	883
561	1094
561	34
561	244
561	1291
561	862
561	829
561	727
561	495
561	916
561	1118
561	542
561	41
561	384
561	398
563	373
563	1578
566	1506
566	1523
566	573
566	571
566	1522
566	954
557	1254
557	543
557	173
558	1533
564	604
564	624
565	1177
565	559
573	1117
573	1319
573	330
549	33
567	1560
567	1516
567	1251
567	1166
567	536
567	692
567	1003
569	491
569	927
569	1184
562	1054
562	595
562	43
576	368
576	1318
577	644
577	799
577	938
577	1007
577	1250
577	990
577	165
577	1150
579	475
579	45
579	1566
574	1486
574	1211
555	439
555	1548
555	1117
572	1416
575	113
575	1226
584	1212
588	1271
588	936
588	626
588	1230
588	214
588	1318
588	763
588	924
588	377
587	1656
587	105
587	364
587	483
568	459
568	1224
568	103
568	1426
586	1204
586	119
586	1233
586	826
586	1357
586	1055
586	60
585	1574
585	651
585	1241
585	346
582	984
582	1679
582	175
591	87
591	281
591	126
591	594
581	51
581	251
592	753
592	146
592	714
592	220
592	557
592	801
592	173
592	1426
592	1551
592	1324
592	215
592	702
592	822
592	1232
592	908
580	588
580	1516
590	1531
590	437
593	1260
593	358
593	1155
593	135
593	1192
593	1215
593	752
583	856
583	227
596	1340
570	457
599	44
599	767
589	1083
589	1347
594	866
597	997
597	602
578	1119
601	361
601	619
601	1430
601	323
601	380
601	1252
602	848
602	1201
600	815
600	504
600	1337
600	1109
605	542
605	73
605	430
605	1223
603	281
603	470
595	1011
595	989
595	220
595	1472
606	528
606	1672
606	490
606	1037
606	1208
606	1250
606	1205
606	857
606	773
606	757
608	158
608	1364
608	1335
608	1270
608	374
608	528
608	899
607	192
607	1192
610	1103
610	683
610	1485
611	1280
611	1279
617	1342
617	666
617	44
617	916
617	990
618	1522
618	1638
618	575
618	1450
618	1069
618	1467
618	1634
618	453
618	805
614	837
614	871
609	965
609	982
615	1438
615	1636
615	747
615	756
615	1531
616	628
616	494
620	293
620	748
620	749
620	190
620	1395
571	310
619	448
619	1502
619	971
619	1441
613	1628
613	1023
622	200
622	1350
622	1124
622	938
622	640
622	1611
622	1636
622	1353
622	1318
622	1605
621	1267
621	1204
621	232
621	11
621	1172
621	1662
621	112
604	99
604	1199
624	1037
624	562
624	956
624	908
624	23
624	548
612	759
612	1468
627	104
627	1628
627	932
627	483
627	1061
627	1600
627	106
627	918
623	739
623	1281
628	1512
628	580
625	326
625	1662
625	1480
625	1099
625	717
629	1549
629	572
629	481
629	478
629	1332
633	740
633	918
633	839
632	1294
632	973
632	672
632	1371
632	30
631	119
634	1144
634	936
634	644
634	1455
634	771
634	200
639	1675
639	769
639	1229
639	1091
639	1076
639	601
630	1451
630	648
630	24
630	166
630	1628
642	266
642	815
642	343
642	952
642	1551
642	1561
642	667
642	808
642	604
642	497
642	618
642	310
642	1329
637	1311
637	1509
637	766
637	361
637	987
640	826
640	1227
640	542
640	152
640	505
626	1218
626	875
643	1164
643	1211
643	34
643	1533
643	137
643	567
643	106
643	832
643	57
598	622
638	889
638	1638
638	460
635	1060
635	975
644	1290
644	415
636	41
645	1016
645	1581
645	1491
645	1199
645	638
648	1100
648	731
648	1265
648	438
648	734
648	1053
648	422
648	624
648	164
648	1454
648	1133
648	156
647	1548
647	1052
647	34
650	781
650	718
650	291
650	1316
650	1284
650	567
650	1403
650	30
650	405
650	1072
650	812
650	1505
650	1277
651	727
654	1280
654	1362
654	1361
654	4
654	1071
654	665
653	1620
653	959
653	1001
653	261
653	1251
653	697
653	565
653	1155
653	130
653	1006
653	426
653	1343
655	184
655	866
655	1354
655	819
655	1040
655	1261
655	1209
655	1610
655	1329
655	1337
655	1052
655	659
655	1056
655	230
655	1020
655	600
655	146
655	661
655	672
655	338
655	1301
655	829
655	1336
655	1663
655	1124
655	585
655	1628
655	783
649	364
658	1400
658	384
658	1598
656	1098
660	1409
660	793
660	166
660	74
660	247
660	947
660	248
660	618
660	1137
659	1207
659	1014
659	896
659	1272
659	1310
659	1208
659	30
659	1283
646	1146
646	361
663	120
663	571
663	431
663	70
663	241
663	893
663	1134
664	474
664	526
664	1050
664	90
664	1303
664	744
664	1048
657	1278
657	612
665	1256
665	874
665	1229
665	1324
665	130
665	1034
666	1518
666	688
666	788
666	1558
666	547
666	359
666	629
666	907
666	603
666	426
661	87
661	36
661	1355
661	101
661	223
662	1486
667	531
667	1284
641	197
641	689
668	100
668	339
673	543
673	518
671	1178
671	216
671	266
671	574
671	343
669	1303
669	1378
669	381
669	1297
676	771
676	478
676	171
676	541
674	343
674	1294
652	1594
677	1389
677	784
682	1623
682	1643
682	1531
682	400
682	878
682	1307
682	474
682	438
682	880
682	1116
682	822
682	599
682	1128
682	848
682	901
682	1530
679	1132
679	1393
679	920
684	389
684	1020
684	116
684	633
685	633
683	153
683	1015
683	1640
691	1074
691	314
672	248
672	461
692	860
692	592
690	659
690	936
690	116
690	868
690	74
689	1291
689	1503
686	297
686	730
686	1336
693	1303
693	242
693	226
693	1144
693	1198
693	378
693	1552
688	363
697	174
697	1056
697	66
697	414
697	499
698	1062
698	233
698	692
698	992
698	1182
698	305
670	425
670	1477
694	1233
694	349
694	1036
694	738
694	1074
694	947
694	1208
680	456
680	270
705	83
705	199
705	1325
705	639
705	1681
701	994
701	185
699	795
699	217
699	51
699	621
699	1034
699	953
704	574
704	92
704	184
704	585
707	255
707	748
707	966
707	475
707	1673
707	1267
707	1172
707	1076
707	600
707	1485
700	1390
687	260
695	1107
695	1323
675	166
675	835
708	345
708	420
708	1078
708	917
708	1493
709	24
709	1281
709	223
709	955
709	454
709	301
711	680
711	1206
711	39
711	896
711	987
711	85
711	1485
711	1393
711	1360
710	1471
710	1335
710	991
710	622
712	1295
712	852
712	1165
712	1368
712	1060
712	1306
712	796
715	1036
715	310
715	398
715	1480
715	1091
715	503
715	1513
713	1544
713	759
716	1287
716	1071
716	280
716	640
716	367
716	160
716	14
716	326
716	590
716	828
716	316
681	689
678	365
678	1411
719	1509
719	631
719	1505
702	358
702	152
721	712
721	1484
721	187
721	1038
721	867
721	1200
721	1276
714	1330
714	918
717	1129
717	666
717	650
717	1193
718	1312
718	1080
696	1337
696	226
722	1157
722	1349
724	214
724	1037
724	1160
724	287
727	1202
727	37
727	1089
727	1301
727	1094
727	1032
727	149
727	519
727	1001
727	145
727	657
727	1251
727	448
725	1184
706	898
706	931
720	26
720	1529
729	578
726	1488
728	297
728	240
703	972
703	94
738	437
738	481
738	846
738	1441
738	125
738	1327
736	1269
734	278
734	1206
734	912
730	1517
730	1043
743	1002
743	860
742	254
742	604
737	549
737	309
733	1655
733	496
733	1149
733	1314
733	984
745	765
745	1223
745	500
740	587
735	40
735	1111
735	1467
747	1326
747	458
747	1162
747	537
747	1502
747	143
747	1336
747	518
747	147
747	1411
747	592
747	4
723	467
739	806
739	143
749	553
749	578
749	952
749	1419
749	1133
749	1228
749	1037
749	1439
749	694
749	1025
749	39
749	1166
749	1334
748	903
748	571
748	1557
748	426
748	652
746	862
746	698
746	415
731	1414
731	657
731	984
731	344
750	419
750	1125
741	869
741	1480
741	1342
741	1554
741	554
751	359
751	126
751	866
751	292
751	574
751	1301
751	459
756	19
756	1033
756	982
756	1089
756	879
757	1454
757	1232
757	281
757	1063
757	1396
757	363
757	171
752	1159
752	1351
752	492
758	660
758	1113
758	63
758	1401
758	758
758	1037
758	1451
758	590
758	1239
758	702
758	1414
758	332
758	515
758	1232
758	18
732	725
762	81
744	1240
744	917
754	226
754	19
753	1550
753	820
753	406
763	358
763	514
763	1019
763	2
763	611
763	768
764	1064
764	869
764	791
764	1253
764	1464
767	602
767	605
769	171
769	1108
755	145
755	719
771	994
771	1389
771	1581
768	674
768	1322
768	1545
773	1155
773	667
773	294
773	754
773	1123
773	976
773	1644
765	862
772	1643
772	81
766	581
766	777
766	1530
766	1287
766	1502
766	1011
766	531
774	353
774	1349
774	1594
774	1146
774	506
774	1644
774	776
774	1296
774	396
760	500
760	62
761	1357
761	484
761	400
777	1231
777	322
759	470
759	345
776	1366
776	1078
776	1178
776	1286
776	870
780	572
780	709
780	1440
779	865
779	84
778	57
778	184
778	89
782	385
782	635
782	801
782	490
782	384
782	1047
782	1172
782	1626
782	1433
782	19
786	748
786	1209
786	407
786	895
786	1323
784	1502
784	962
770	729
770	337
770	969
788	776
788	1557
788	1375
788	77
788	1529
788	1538
788	943
788	220
788	624
788	571
789	1169
789	404
790	1529
790	456
790	922
790	726
790	758
790	1065
790	1500
790	129
790	286
790	562
787	1442
787	1095
787	1243
783	1479
783	601
785	1598
785	964
794	320
794	1631
781	43
781	765
796	609
796	1439
796	177
796	452
796	541
796	574
796	1606
796	206
796	975
796	776
796	1524
796	430
796	351
796	413
796	860
795	106
795	570
795	1658
795	1594
795	105
795	1252
795	949
793	622
793	426
793	97
798	338
798	1131
798	1143
798	381
798	1044
798	159
798	799
798	1161
798	898
798	1558
791	1378
802	462
802	1304
802	1676
800	1378
800	458
804	1059
804	554
804	422
804	390
804	745
804	940
804	560
804	1165
804	1320
804	1427
804	1449
804	1376
804	1656
804	1184
803	238
803	174
775	425
775	390
792	744
792	384
799	156
805	818
805	249
805	758
805	1283
805	893
805	230
805	1315
805	632
805	647
805	1260
805	1630
806	1225
806	903
806	147
806	190
806	1005
806	1479
807	17
807	65
807	563
807	449
807	738
807	1161
807	1422
807	810
807	1183
797	520
797	1524
801	551
801	370
809	1308
815	1115
815	360
815	209
815	657
815	765
815	585
815	841
815	64
817	404
817	1171
821	1488
821	1620
821	1343
818	1039
814	1436
814	1450
812	676
823	929
823	872
823	971
823	1436
823	1578
823	530
823	622
823	938
825	210
825	1043
825	537
825	1528
825	879
825	889
827	1658
827	1139
829	323
829	452
829	1076
811	868
830	1559
830	90
830	495
830	594
830	491
826	766
826	292
826	1178
826	441
826	549
831	375
831	986
831	872
819	593
819	379
828	705
828	1468
828	159
828	534
828	832
808	706
835	323
835	1615
835	615
835	1398
835	534
833	362
833	698
833	678
833	1373
833	743
833	1151
833	442
833	1323
833	908
833	1157
833	301
836	405
836	1069
816	424
838	572
838	625
838	200
838	136
839	1600
839	979
839	1008
840	710
840	1191
840	454
840	1011
840	1273
840	753
840	453
840	1143
832	1348
810	1269
810	1427
844	632
844	411
844	1670
844	1037
843	1373
843	409
843	778
843	1285
843	1456
843	1103
843	35
843	1619
843	1056
834	1573
834	829
834	1632
846	749
846	1521
846	1342
846	1074
846	1138
846	1223
846	1612
846	1274
846	383
846	1397
846	533
846	815
846	687
846	1489
846	14
846	1227
846	959
837	1464
837	758
813	351
813	1131
842	1384
842	1392
847	1232
847	1317
847	1077
847	1442
847	547
847	192
848	710
848	939
848	1437
848	1325
848	268
848	1516
822	987
852	403
852	608
851	1145
851	104
851	786
851	247
851	741
851	552
851	402
851	380
851	1205
849	1159
854	1327
854	1607
854	81
854	589
854	1411
854	1225
854	1010
854	1300
854	663
850	794
850	1283
850	1313
858	968
853	197
853	720
855	1105
824	189
845	408
845	563
841	74
841	603
859	893
859	695
862	1128
862	701
862	1047
862	385
862	1483
862	691
862	1324
856	346
856	983
820	84
863	859
863	1056
863	1370
863	680
863	1096
860	1664
860	1071
860	1403
857	1212
864	1506
864	60
864	1539
864	1427
864	670
864	990
864	771
864	475
864	268
864	1304
864	516
864	68
865	1568
865	791
865	1151
868	1336
868	1391
868	1206
868	1605
868	730
868	1489
868	783
868	254
868	967
867	84
867	1026
867	792
867	828
861	1516
861	1392
870	350
870	809
870	507
870	280
870	774
870	190
870	242
870	67
870	1079
870	1038
870	1315
871	806
871	1484
871	1487
871	1312
871	1488
875	1468
875	1495
875	738
875	811
876	864
872	305
872	652
872	1185
866	1136
877	1206
877	153
877	488
877	962
873	659
880	1428
880	1209
880	552
880	1426
880	1120
880	362
880	1540
880	1035
880	140
880	1442
880	748
880	344
880	306
880	472
880	1295
878	1532
878	829
878	1340
878	1136
878	1128
878	446
869	1014
869	983
881	1549
881	552
881	1000
881	1311
881	1610
881	1632
881	230
881	173
881	1376
881	1265
881	1471
879	11
879	532
883	1490
883	852
883	1287
883	1008
883	356
883	1550
883	1167
883	567
883	775
883	3
883	1258
882	713
882	1028
882	1100
882	531
882	78
882	928
884	271
884	727
886	911
886	771
886	278
886	612
886	444
886	980
886	633
886	1400
886	547
886	149
885	555
885	467
885	908
885	1479
885	442
889	867
889	730
889	1538
889	1150
889	912
889	1672
889	828
889	90
889	1274
889	682
889	508
889	478
889	894
889	1399
874	1204
874	954
892	1607
892	1207
892	619
892	32
892	1533
892	945
892	1431
892	1017
892	1561
892	1294
890	1587
890	1074
890	1216
890	321
890	697
893	1540
893	565
893	940
887	503
887	945
887	1049
887	42
887	948
887	463
887	429
891	131
891	448
894	723
894	751
894	467
894	1642
894	918
894	1450
894	1365
894	613
894	1319
894	804
896	321
896	1617
896	963
896	1133
896	1015
896	1074
896	816
896	456
896	1324
896	306
896	391
896	243
896	410
896	513
896	1597
897	338
897	1264
897	1313
897	1504
897	144
897	1521
897	1267
897	741
901	10
901	786
901	831
901	470
901	704
899	1267
899	114
899	650
899	1042
899	1073
899	189
903	1092
903	1556
903	1260
903	1594
903	162
903	330
904	1051
904	58
907	622
907	779
907	46
907	416
907	376
907	1166
905	510
905	157
902	135
902	456
898	721
898	660
895	514
906	1145
906	838
900	1258
900	1379
908	907
908	592
908	20
916	514
916	1124
916	359
916	199
916	1449
916	1111
916	568
916	1274
916	1148
916	985
916	285
916	549
916	1407
911	570
911	1559
911	1295
911	1155
912	1535
912	459
912	644
914	876
918	539
918	1025
918	1422
918	839
918	1429
919	437
919	1171
919	1410
919	608
919	1517
919	1169
919	646
919	251
919	1203
921	466
921	840
921	990
921	1415
921	1303
910	1521
910	366
910	1128
913	911
913	885
913	215
913	838
913	1462
913	1436
915	1094
915	939
922	1233
922	1105
922	661
922	1456
922	1083
922	1100
923	1456
923	871
923	877
928	196
928	847
927	1342
927	1396
927	1431
927	1011
927	89
924	1158
924	1376
924	1670
924	810
929	219
929	218
931	975
931	154
931	266
917	414
917	1021
932	113
932	1597
932	1386
932	818
932	1011
932	977
932	560
932	1601
932	899
932	928
909	1663
909	363
934	124
934	1566
934	1474
934	620
934	1135
934	942
934	683
933	834
933	596
933	155
933	568
933	481
933	1329
933	511
933	1212
935	538
935	964
938	827
938	331
938	303
938	1230
938	1622
940	775
940	978
940	812
940	740
940	1237
888	487
925	986
925	1446
942	1451
942	606
942	1282
942	1151
937	118
937	619
926	366
943	792
943	849
943	109
943	1214
943	1261
943	893
943	1027
939	415
939	1496
936	1528
936	1346
936	188
936	1373
936	1424
936	159
930	487
930	1374
930	503
920	580
920	733
941	1248
